   0.0000000   0.0000000   0.0000000   0.0000000   0.0000000   0.0000000   0.0000000
   2.0000000   0.0000080   0.0000080   0.0000080   0.0000160   0.0000160   0.0000160
   4.0000000   0.0000610   0.0000610   0.0000610   0.0001380   0.0001380   0.0001380
   6.0000000   0.0002040   0.0002040   0.0002040   0.0005460   0.0005460   0.0005460
   8.0000000   0.0005750   0.0005750   0.0005750   0.0016960   0.0016960   0.0016960
  10.0000000   0.0013880   0.0013880   0.0013880   0.0044720   0.0044720   0.0044720
  12.0000000   0.0018590   0.0018590   0.0018590   0.0081900   0.0081900   0.0081900
  14.0000000   0.0023050   0.0023050   0.0023050   0.0128000   0.0128000   0.0128000
  16.0000000   0.0028200   0.0028200   0.0028200   0.0184400   0.0184400   0.0184400
  18.0000000   0.0036130   0.0036130   0.0036130   0.0256660   0.0256660   0.0256660
  20.0000000   0.0047070   0.0047070   0.0047070   0.0350800   0.0350800   0.0350800
  22.0000000   0.0053270   0.0053270   0.0053270   0.0457340   0.0457340   0.0457340
  24.0000000   0.0061520   0.0061520   0.0061520   0.0580380   0.0580380   0.0580380
  26.0000000   0.0068830   0.0068830   0.0068830   0.0718040   0.0718040   0.0718040
  28.0000000   0.0074230   0.0074230   0.0074230   0.0866500   0.0866500   0.0866500
  30.0000000   0.0083630   0.0083630   0.0083630   0.1033760   0.1033760   0.1033760
  32.0000000   0.0097490   0.0097490   0.0097490   0.1228740   0.1228740   0.1228740
  34.0000000   0.0095400   0.0095400   0.0095400   0.1419540   0.1419540   0.1419540
  36.0000000   0.0078000   0.0078000   0.0078000   0.1575540   0.1575540   0.1575540
  38.0000000   0.0070120   0.0070120   0.0070120   0.1715780   0.1715780   0.1715780
  40.0000000   0.0061610   0.0061610   0.0061610   0.1839000   0.1839000   0.1839000
  42.0000000   0.0072450   0.0072450   0.0072450   0.1983900   0.1983900   0.1983900
  44.0000000   0.0114270   0.0114270   0.0114270   0.2212440   0.2212440   0.2212440
  46.0000000   0.0180870   0.0180870   0.0180870   0.2574180   0.2574180   0.2574180
  48.0000000   0.0243540   0.0243540   0.0243540   0.3061260   0.3061260   0.3061260
  50.0000000   0.0076530   0.0076530   0.0076530   0.3214320   0.3214320   0.3214320
  52.0000000   0.0077540   0.0077540   0.0077540   0.3369400   0.3369400   0.3369400
  54.0000000   0.0058980   0.0058980   0.0058980   0.3487360   0.3487360   0.3487360
  56.0000000   0.0063370   0.0063370   0.0063370   0.3614100   0.3614100   0.3614100
  58.0000000   0.0064040   0.0064040   0.0064040   0.3742180   0.3742180   0.3742180
  60.0000000   0.0092940   0.0092940   0.0092940   0.3928060   0.3928060   0.3928060
  62.0000000   0.0091060   0.0091060   0.0091060   0.4110180   0.4110180   0.4110180
  64.0000000   0.0114610   0.0114610   0.0114610   0.4339400   0.4339400   0.4339400
  66.0000000   0.0107680   0.0107680   0.0107680   0.4554760   0.4554760   0.4554760
  68.0000000   0.0061980   0.0061980   0.0061980   0.4678720   0.4678720   0.4678720
  70.0000000   0.0034070   0.0034070   0.0034070   0.4746860   0.4746860   0.4746860
  72.0000000   0.0029790   0.0029790   0.0029790   0.4806440   0.4806440   0.4806440
  74.0000000   0.0027930   0.0027930   0.0027930   0.4862300   0.4862300   0.4862300
  76.0000000   0.0049910   0.0049910   0.0049910   0.4962120   0.4962120   0.4962120
  78.0000000   0.0033170   0.0033170   0.0033170   0.5028460   0.5028460   0.5028460
  80.0000000   0.0031780   0.0031780   0.0031780   0.5092020   0.5092020   0.5092020
  82.0000000   0.0045430   0.0045430   0.0045430   0.5182880   0.5182880   0.5182880
  84.0000000   0.0037500   0.0037500   0.0037500   0.5257880   0.5257880   0.5257880
  86.0000000   0.0038330   0.0038330   0.0038330   0.5334540   0.5334540   0.5334540
  88.0000000   0.0022190   0.0022190   0.0022190   0.5378920   0.5378920   0.5378920
  90.0000000   0.0016090   0.0016090   0.0016090   0.5411100   0.5411100   0.5411100
  92.0000000   0.0015540   0.0015540   0.0015540   0.5442180   0.5442180   0.5442180
  94.0000000   0.0015210   0.0015210   0.0015210   0.5472600   0.5472600   0.5472600
  96.0000000   0.0014800   0.0014800   0.0014800   0.5502200   0.5502200   0.5502200
  98.0000000   0.0014250   0.0014250   0.0014250   0.5530700   0.5530700   0.5530700
 100.0000000   0.0016140   0.0016140   0.0016140   0.5562980   0.5562980   0.5562980
 102.0000000   0.0014730   0.0014730   0.0014730   0.5592440   0.5592440   0.5592440
 104.0000000   0.0013110   0.0013110   0.0013110   0.5618660   0.5618660   0.5618660
 106.0000000   0.0013580   0.0013580   0.0013580   0.5645820   0.5645820   0.5645820
 108.0000000   0.0013740   0.0013740   0.0013740   0.5673300   0.5673300   0.5673300
 110.0000000   0.0013290   0.0013290   0.0013290   0.5699880   0.5699880   0.5699880
 112.0000000   0.0015480   0.0015480   0.0015480   0.5730840   0.5730840   0.5730840
 114.0000000   0.0013960   0.0013960   0.0013960   0.5758760   0.5758760   0.5758760
 116.0000000   0.0008990   0.0008990   0.0008990   0.5776740   0.5776740   0.5776740
 118.0000000   0.0004070   0.0004070   0.0004070   0.5784880   0.5784880   0.5784880
 120.0000000   0.0000360   0.0000360   0.0000360   0.5785600   0.5785600   0.5785600
 122.0000000   0.0009870   0.0009870   0.0009870   0.5805340   0.5805340   0.5805340
 124.0000000   0.0006860   0.0006860   0.0006860   0.5819060   0.5819060   0.5819060
 126.0000000   0.0007050   0.0007050   0.0007050   0.5833160   0.5833160   0.5833160
 128.0000000   0.0007220   0.0007220   0.0007220   0.5847600   0.5847600   0.5847600
 130.0000000   0.0008490   0.0008490   0.0008490   0.5864580   0.5864580   0.5864580
 132.0000000   0.0009750   0.0009750   0.0009750   0.5884080   0.5884080   0.5884080
 134.0000000   0.0010880   0.0010880   0.0010880   0.5905840   0.5905840   0.5905840
 136.0000000   0.0010880   0.0010880   0.0010880   0.5927600   0.5927600   0.5927600
 138.0000000   0.0010800   0.0010800   0.0010800   0.5949200   0.5949200   0.5949200
 140.0000000   0.0011230   0.0011230   0.0011230   0.5971659   0.5971659   0.5971659
 142.0000000   0.0011490   0.0011490   0.0011490   0.5994639   0.5994639   0.5994639
 144.0000000   0.0011400   0.0011400   0.0011400   0.6017439   0.6017439   0.6017439
 146.0000000   0.0011320   0.0011320   0.0011320   0.6040080   0.6040080   0.6040080
 148.0000000   0.0011410   0.0011410   0.0011410   0.6062899   0.6062899   0.6062899
 150.0000000   0.0009660   0.0009660   0.0009660   0.6082219   0.6082219   0.6082219
 152.0000000   0.0009210   0.0009210   0.0009210   0.6100639   0.6100639   0.6100639
 154.0000000   0.0008710   0.0008710   0.0008710   0.6118059   0.6118059   0.6118059
 156.0000000   0.0013550   0.0013550   0.0013550   0.6145160   0.6145160   0.6145160
 158.0000000   0.0006440   0.0006440   0.0006440   0.6158040   0.6158040   0.6158040
 160.0000000   0.0001220   0.0001220   0.0001220   0.6160480   0.6160480   0.6160480
 162.0000000   0.0000010   0.0000010   0.0000010   0.6160500   0.6160500   0.6160500
 164.0000000   0.0000040   0.0000040   0.0000040   0.6160580   0.6160580   0.6160580
 166.0000000   0.0000100   0.0000100   0.0000100   0.6160780   0.6160780   0.6160780
 168.0000000   0.0000210   0.0000210   0.0000210   0.6161200   0.6161200   0.6161200
 170.0000000   0.0000610   0.0000610   0.0000610   0.6162420   0.6162420   0.6162420
 172.0000000   0.0001160   0.0001160   0.0001160   0.6164740   0.6164740   0.6164740
 174.0000000   0.0002160   0.0002160   0.0002160   0.6169060   0.6169060   0.6169060
 176.0000000   0.0003510   0.0003510   0.0003510   0.6176080   0.6176080   0.6176080
 178.0000000   0.0005100   0.0005100   0.0005100   0.6186280   0.6186280   0.6186280
 180.0000000   0.0005240   0.0005240   0.0005240   0.6196760   0.6196760   0.6196760
 182.0000000   0.0005090   0.0005090   0.0005090   0.6206940   0.6206940   0.6206940
 184.0000000   0.0004360   0.0004360   0.0004360   0.6215660   0.6215660   0.6215660
 186.0000000   0.0003090   0.0003090   0.0003090   0.6221840   0.6221840   0.6221840
 188.0000000   0.0000030   0.0000030   0.0000030   0.6221900   0.6221900   0.6221900
 190.0000000   0.0000000   0.0000000   0.0000000   0.6221900   0.6221900   0.6221900
 192.0000000   0.0000000   0.0000000   0.0000000   0.6221900   0.6221900   0.6221900
 194.0000000   0.0000000   0.0000000   0.0000000   0.6221900   0.6221900   0.6221900
 196.0000000   0.0000000   0.0000000   0.0000000   0.6221900   0.6221900   0.6221900
 198.0000000   0.0000000   0.0000000   0.0000000   0.6221900   0.6221900   0.6221900
 200.0000000   0.0000000   0.0000000   0.0000000   0.6221900   0.6221900   0.6221900
 202.0000000   0.0000000   0.0000000   0.0000000   0.6221900   0.6221900   0.6221900
 204.0000000   0.0000000   0.0000000   0.0000000   0.6221900   0.6221900   0.6221900
 206.0000000   0.0000000   0.0000000   0.0000000   0.6221900   0.6221900   0.6221900
 208.0000000   0.0000000   0.0000000   0.0000000   0.6221900   0.6221900   0.6221900
 210.0000000   0.0000000   0.0000000   0.0000000   0.6221900   0.6221900   0.6221900
 212.0000000   0.0000000   0.0000000   0.0000000   0.6221900   0.6221900   0.6221900
 214.0000000   0.0000000   0.0000000   0.0000000   0.6221900   0.6221900   0.6221900
 216.0000000   0.0000000   0.0000000   0.0000000   0.6221900   0.6221900   0.6221900
 218.0000000   0.0000000   0.0000000   0.0000000   0.6221900   0.6221900   0.6221900
 220.0000000   0.0000000   0.0000000   0.0000000   0.6221900   0.6221900   0.6221900
 222.0000000   0.0000000   0.0000000   0.0000000   0.6221900   0.6221900   0.6221900
 224.0000000   0.0000000   0.0000000   0.0000000   0.6221900   0.6221900   0.6221900
 226.0000000   0.0000000   0.0000000   0.0000000   0.6221900   0.6221900   0.6221900
 228.0000000   0.0000000   0.0000000   0.0000000   0.6221900   0.6221900   0.6221900
 230.0000000   0.0000000   0.0000000   0.0000000   0.6221900   0.6221900   0.6221900
 232.0000000   0.0000000   0.0000000   0.0000000   0.6221900   0.6221900   0.6221900
 234.0000000   0.0000000   0.0000000   0.0000000   0.6221900   0.6221900   0.6221900
 236.0000000   0.0000000   0.0000000   0.0000000   0.6221900   0.6221900   0.6221900
 238.0000000   0.0000000   0.0000000   0.0000000   0.6221900   0.6221900   0.6221900
 240.0000000   0.0000000   0.0000000   0.0000000   0.6221900   0.6221900   0.6221900
 242.0000000   0.0000000   0.0000000   0.0000000   0.6221900   0.6221900   0.6221900
 244.0000000   0.0000000   0.0000000   0.0000000   0.6221900   0.6221900   0.6221900
 246.0000000   0.0000000   0.0000000   0.0000000   0.6221900   0.6221900   0.6221900
 248.0000000   0.0000000   0.0000000   0.0000000   0.6221900   0.6221900   0.6221900
 250.0000000   0.0000000   0.0000000   0.0000000   0.6221900   0.6221900   0.6221900
 252.0000000   0.0000000   0.0000000   0.0000000   0.6221900   0.6221900   0.6221900
 254.0000000   0.0000000   0.0000000   0.0000000   0.6221900   0.6221900   0.6221900
 256.0000000   0.0000000   0.0000000   0.0000000   0.6221900   0.6221900   0.6221900
 258.0000000   0.0000000   0.0000000   0.0000000   0.6221900   0.6221900   0.6221900
 260.0000000   0.0000000   0.0000000   0.0000000   0.6221900   0.6221900   0.6221900
 262.0000000   0.0000000   0.0000000   0.0000000   0.6221900   0.6221900   0.6221900
 264.0000000   0.0000000   0.0000000   0.0000000   0.6221900   0.6221900   0.6221900
 266.0000000   0.0000000   0.0000000   0.0000000   0.6221900   0.6221900   0.6221900
 268.0000000   0.0000000   0.0000000   0.0000000   0.6221900   0.6221900   0.6221900
 270.0000000   0.0000000   0.0000000   0.0000000   0.6221900   0.6221900   0.6221900
 272.0000000   0.0000000   0.0000000   0.0000000   0.6221900   0.6221900   0.6221900
 274.0000000   0.0000000   0.0000000   0.0000000   0.6221900   0.6221900   0.6221900
 276.0000000   0.0000000   0.0000000   0.0000000   0.6221900   0.6221900   0.6221900
 278.0000000   0.0000000   0.0000000   0.0000000   0.6221900   0.6221900   0.6221900
 280.0000000   0.0000000   0.0000000   0.0000000   0.6221900   0.6221900   0.6221900
 282.0000000   0.0000000   0.0000000   0.0000000   0.6221900   0.6221900   0.6221900
 284.0000000   0.0000000   0.0000000   0.0000000   0.6221900   0.6221900   0.6221900
 286.0000000   0.0000000   0.0000000   0.0000000   0.6221900   0.6221900   0.6221900
 288.0000000   0.0000000   0.0000000   0.0000000   0.6221900   0.6221900   0.6221900
 290.0000000   0.0000000   0.0000000   0.0000000   0.6221900   0.6221900   0.6221900
 292.0000000   0.0000000   0.0000000   0.0000000   0.6221900   0.6221900   0.6221900
 294.0000000   0.0000000   0.0000000   0.0000000   0.6221900   0.6221900   0.6221900
 296.0000000   0.0000000   0.0000000   0.0000000   0.6221900   0.6221900   0.6221900
 298.0000000   0.0000000   0.0000000   0.0000000   0.6221900   0.6221900   0.6221900
 300.0000000   0.0000000   0.0000000   0.0000000   0.6221900   0.6221900   0.6221900
 302.0000000   0.0000000   0.0000000   0.0000000   0.6221900   0.6221900   0.6221900
 304.0000000   0.0000000   0.0000000   0.0000000   0.6221900   0.6221900   0.6221900
 306.0000000   0.0000000   0.0000000   0.0000000   0.6221900   0.6221900   0.6221900
 308.0000000   0.0000000   0.0000000   0.0000000   0.6221900   0.6221900   0.6221900
 310.0000000   0.0000000   0.0000000   0.0000000   0.6221900   0.6221900   0.6221900
 312.0000000   0.0000000   0.0000000   0.0000000   0.6221900   0.6221900   0.6221900
 314.0000000   0.0000000   0.0000000   0.0000000   0.6221900   0.6221900   0.6221900
 316.0000000   0.0000000   0.0000000   0.0000000   0.6221900   0.6221900   0.6221900
 318.0000000   0.0000000   0.0000000   0.0000000   0.6221900   0.6221900   0.6221900
 320.0000000   0.0000000   0.0000000   0.0000000   0.6221900   0.6221900   0.6221900
 322.0000000   0.0000000   0.0000000   0.0000000   0.6221900   0.6221900   0.6221900
 324.0000000   0.0000000   0.0000000   0.0000000   0.6221900   0.6221900   0.6221900
 326.0000000   0.0000000   0.0000000   0.0000000   0.6221900   0.6221900   0.6221900
 328.0000000   0.0000000   0.0000000   0.0000000   0.6221900   0.6221900   0.6221900
 330.0000000   0.0000000   0.0000000   0.0000000   0.6221900   0.6221900   0.6221900
 332.0000000   0.0000000   0.0000000   0.0000000   0.6221900   0.6221900   0.6221900
 334.0000000   0.0000000   0.0000000   0.0000000   0.6221900   0.6221900   0.6221900
 336.0000000   0.0000000   0.0000000   0.0000000   0.6221900   0.6221900   0.6221900
 338.0000000   0.0000000   0.0000000   0.0000000   0.6221900   0.6221900   0.6221900
 340.0000000   0.0000000   0.0000000   0.0000000   0.6221900   0.6221900   0.6221900
 342.0000000   0.0000000   0.0000000   0.0000000   0.6221900   0.6221900   0.6221900
 344.0000000   0.0000000   0.0000000   0.0000000   0.6221900   0.6221900   0.6221900
 346.0000000   0.0000000   0.0000000   0.0000000   0.6221900   0.6221900   0.6221900
 348.0000000   0.0000000   0.0000000   0.0000000   0.6221900   0.6221900   0.6221900
 350.0000000   0.0000000   0.0000000   0.0000000   0.6221900   0.6221900   0.6221900
 352.0000000   0.0000000   0.0000000   0.0000000   0.6221900   0.6221900   0.6221900
 354.0000000   0.0000000   0.0000000   0.0000000   0.6221900   0.6221900   0.6221900
 356.0000000   0.0000000   0.0000000   0.0000000   0.6221900   0.6221900   0.6221900
 358.0000000   0.0000000   0.0000000   0.0000000   0.6221900   0.6221900   0.6221900
 360.0000000   0.0000000   0.0000000   0.0000000   0.6221900   0.6221900   0.6221900
 362.0000000   0.0000000   0.0000000   0.0000000   0.6221900   0.6221900   0.6221900
 364.0000000   0.0000000   0.0000000   0.0000000   0.6221900   0.6221900   0.6221900
 366.0000000   0.0000000   0.0000000   0.0000000   0.6221900   0.6221900   0.6221900
 368.0000000   0.0000000   0.0000000   0.0000000   0.6221900   0.6221900   0.6221900
 370.0000000   0.0000000   0.0000000   0.0000000   0.6221900   0.6221900   0.6221900
 372.0000000   0.0000000   0.0000000   0.0000000   0.6221900   0.6221900   0.6221900
 374.0000000   0.0000000   0.0000000   0.0000000   0.6221900   0.6221900   0.6221900
 376.0000000   0.0000000   0.0000000   0.0000000   0.6221900   0.6221900   0.6221900
 378.0000000   0.0000000   0.0000000   0.0000000   0.6221900   0.6221900   0.6221900
 380.0000000   0.0000000   0.0000000   0.0000000   0.6221900   0.6221900   0.6221900
 382.0000000   0.0000000   0.0000000   0.0000000   0.6221900   0.6221900   0.6221900
 384.0000000   0.0000000   0.0000000   0.0000000   0.6221900   0.6221900   0.6221900
 386.0000000   0.0000000   0.0000000   0.0000000   0.6221900   0.6221900   0.6221900
 388.0000000   0.0000000   0.0000000   0.0000000   0.6221900   0.6221900   0.6221900
 390.0000000   0.0000000   0.0000000   0.0000000   0.6221900   0.6221900   0.6221900
 392.0000000   0.0000000   0.0000000   0.0000000   0.6221900   0.6221900   0.6221900
 394.0000000   0.0000000   0.0000000   0.0000000   0.6221900   0.6221900   0.6221900
 396.0000000   0.0000000   0.0000000   0.0000000   0.6221900   0.6221900   0.6221900
 398.0000000   0.0000000   0.0000000   0.0000000   0.6221900   0.6221900   0.6221900
 400.0000000   0.0000000   0.0000000   0.0000000   0.6221900   0.6221900   0.6221900
 402.0000000   0.0000000   0.0000000   0.0000000   0.6221900   0.6221900   0.6221900
 404.0000000   0.0000000   0.0000000   0.0000000   0.6221900   0.6221900   0.6221900
 406.0000000   0.0000000   0.0000000   0.0000000   0.6221900   0.6221900   0.6221900
 408.0000000   0.0000000   0.0000000   0.0000000   0.6221900   0.6221900   0.6221900
 410.0000000   0.0000000   0.0000000   0.0000000   0.6221900   0.6221900   0.6221900
 412.0000000   0.0000000   0.0000000   0.0000000   0.6221900   0.6221900   0.6221900
 414.0000000   0.0000000   0.0000000   0.0000000   0.6221900   0.6221900   0.6221900
 416.0000000   0.0000000   0.0000000   0.0000000   0.6221900   0.6221900   0.6221900
 418.0000000   0.0000000   0.0000000   0.0000000   0.6221900   0.6221900   0.6221900
 420.0000000   0.0000000   0.0000000   0.0000000   0.6221900   0.6221900   0.6221900
 422.0000000   0.0000000   0.0000000   0.0000000   0.6221900   0.6221900   0.6221900
 424.0000000   0.0000000   0.0000000   0.0000000   0.6221900   0.6221900   0.6221900
 426.0000000   0.0000000   0.0000000   0.0000000   0.6221900   0.6221900   0.6221900
 428.0000000   0.0000000   0.0000000   0.0000000   0.6221900   0.6221900   0.6221900
 430.0000000   0.0000000   0.0000000   0.0000000   0.6221900   0.6221900   0.6221900
 432.0000000   0.0000000   0.0000000   0.0000000   0.6221900   0.6221900   0.6221900
 434.0000000   0.0000000   0.0000000   0.0000000   0.6221900   0.6221900   0.6221900
 436.0000000   0.0000000   0.0000000   0.0000000   0.6221900   0.6221900   0.6221900
 438.0000000   0.0000000   0.0000000   0.0000000   0.6221900   0.6221900   0.6221900
 440.0000000   0.0000000   0.0000000   0.0000000   0.6221900   0.6221900   0.6221900
 442.0000000   0.0000000   0.0000000   0.0000000   0.6221900   0.6221900   0.6221900
 444.0000000   0.0000000   0.0000000   0.0000000   0.6221900   0.6221900   0.6221900
 446.0000000   0.0000000   0.0000000   0.0000000   0.6221900   0.6221900   0.6221900
 448.0000000   0.0000000   0.0000000   0.0000000   0.6221900   0.6221900   0.6221900
 450.0000000   0.0000000   0.0000000   0.0000000   0.6221900   0.6221900   0.6221900
 452.0000000   0.0000000   0.0000000   0.0000000   0.6221900   0.6221900   0.6221900
 454.0000000   0.0000000   0.0000000   0.0000000   0.6221900   0.6221900   0.6221900
 456.0000000   0.0000000   0.0000000   0.0000000   0.6221900   0.6221900   0.6221900
 458.0000000   0.0000000   0.0000000   0.0000000   0.6221900   0.6221900   0.6221900
 460.0000000   0.0000000   0.0000000   0.0000000   0.6221900   0.6221900   0.6221900
 462.0000000   0.0000000   0.0000000   0.0000000   0.6221900   0.6221900   0.6221900
 464.0000000   0.0000000   0.0000000   0.0000000   0.6221900   0.6221900   0.6221900
 466.0000000   0.0000000   0.0000000   0.0000000   0.6221900   0.6221900   0.6221900
 468.0000000   0.0000000   0.0000000   0.0000000   0.6221900   0.6221900   0.6221900
 470.0000000   0.0000000   0.0000000   0.0000000   0.6221900   0.6221900   0.6221900
 472.0000000   0.0000000   0.0000000   0.0000000   0.6221900   0.6221900   0.6221900
 474.0000000   0.0000000   0.0000000   0.0000000   0.6221900   0.6221900   0.6221900
 476.0000000   0.0000000   0.0000000   0.0000000   0.6221900   0.6221900   0.6221900
 478.0000000   0.0000000   0.0000000   0.0000000   0.6221900   0.6221900   0.6221900
 480.0000000   0.0000000   0.0000000   0.0000000   0.6221900   0.6221900   0.6221900
 482.0000000   0.0000000   0.0000000   0.0000000   0.6221900   0.6221900   0.6221900
 484.0000000   0.0000000   0.0000000   0.0000000   0.6221900   0.6221900   0.6221900
 486.0000000   0.0000000   0.0000000   0.0000000   0.6221900   0.6221900   0.6221900
 488.0000000   0.0000000   0.0000000   0.0000000   0.6221900   0.6221900   0.6221900
 490.0000000   0.0000000   0.0000000   0.0000000   0.6221900   0.6221900   0.6221900
 492.0000000   0.0000000   0.0000000   0.0000000   0.6221900   0.6221900   0.6221900
 494.0000000   0.0000000   0.0000000   0.0000000   0.6221900   0.6221900   0.6221900
 496.0000000   0.0000000   0.0000000   0.0000000   0.6221900   0.6221900   0.6221900
 498.0000000   0.0000000   0.0000000   0.0000000   0.6221900   0.6221900   0.6221900
 500.0000000   0.0000000   0.0000000   0.0000000   0.6221900   0.6221900   0.6221900
 502.0000000   0.0000000   0.0000000   0.0000000   0.6221900   0.6221900   0.6221900
 504.0000000   0.0000000   0.0000000   0.0000000   0.6221900   0.6221900   0.6221900
 506.0000000   0.0000000   0.0000000   0.0000000   0.6221900   0.6221900   0.6221900
 508.0000000   0.0000000   0.0000000   0.0000000   0.6221900   0.6221900   0.6221900
 510.0000000   0.0000000   0.0000000   0.0000000   0.6221900   0.6221900   0.6221900
 512.0000000   0.0000000   0.0000000   0.0000000   0.6221900   0.6221900   0.6221900
 514.0000000   0.0000000   0.0000000   0.0000000   0.6221900   0.6221900   0.6221900
 516.0000000   0.0000000   0.0000000   0.0000000   0.6221900   0.6221900   0.6221900
 518.0000000   0.0000000   0.0000000   0.0000000   0.6221900   0.6221900   0.6221900
 520.0000000   0.0000000   0.0000000   0.0000000   0.6221900   0.6221900   0.6221900
 522.0000000   0.0000000   0.0000000   0.0000000   0.6221900   0.6221900   0.6221900
 524.0000000   0.0000000   0.0000000   0.0000000   0.6221900   0.6221900   0.6221900
 526.0000000   0.0000000   0.0000000   0.0000000   0.6221900   0.6221900   0.6221900
 528.0000000   0.0000000   0.0000000   0.0000000   0.6221900   0.6221900   0.6221900
 530.0000000   0.0000000   0.0000000   0.0000000   0.6221900   0.6221900   0.6221900
 532.0000000   0.0000000   0.0000000   0.0000000   0.6221900   0.6221900   0.6221900
 534.0000000   0.0000000   0.0000000   0.0000000   0.6221900   0.6221900   0.6221900
 536.0000000   0.0000000   0.0000000   0.0000000   0.6221900   0.6221900   0.6221900
 538.0000000   0.0000000   0.0000000   0.0000000   0.6221900   0.6221900   0.6221900
 540.0000000   0.0000000   0.0000000   0.0000000   0.6221900   0.6221900   0.6221900
 542.0000000   0.0000000   0.0000000   0.0000000   0.6221900   0.6221900   0.6221900
 544.0000000   0.0000000   0.0000000   0.0000000   0.6221900   0.6221900   0.6221900
 546.0000000   0.0000000   0.0000000   0.0000000   0.6221900   0.6221900   0.6221900
 548.0000000   0.0000000   0.0000000   0.0000000   0.6221900   0.6221900   0.6221900
 550.0000000   0.0000000   0.0000000   0.0000000   0.6221900   0.6221900   0.6221900
 552.0000000   0.0000000   0.0000000   0.0000000   0.6221900   0.6221900   0.6221900
 554.0000000   0.0000000   0.0000000   0.0000000   0.6221900   0.6221900   0.6221900
 556.0000000   0.0000000   0.0000000   0.0000000   0.6221900   0.6221900   0.6221900
 558.0000000   0.0000000   0.0000000   0.0000000   0.6221900   0.6221900   0.6221900
 560.0000000   0.0000000   0.0000000   0.0000000   0.6221900   0.6221900   0.6221900
 562.0000000   0.0000000   0.0000000   0.0000000   0.6221900   0.6221900   0.6221900
 564.0000000   0.0000000   0.0000000   0.0000000   0.6221900   0.6221900   0.6221900
 566.0000000   0.0000000   0.0000000   0.0000000   0.6221900   0.6221900   0.6221900
 568.0000000   0.0000000   0.0000000   0.0000000   0.6221900   0.6221900   0.6221900
 570.0000000   0.0000000   0.0000000   0.0000000   0.6221900   0.6221900   0.6221900
 572.0000000   0.0000000   0.0000000   0.0000000   0.6221900   0.6221900   0.6221900
 574.0000000   0.0000000   0.0000000   0.0000000   0.6221900   0.6221900   0.6221900
 576.0000000   0.0000000   0.0000000   0.0000000   0.6221900   0.6221900   0.6221900
 578.0000000   0.0000000   0.0000000   0.0000000   0.6221900   0.6221900   0.6221900
 580.0000000   0.0000000   0.0000000   0.0000000   0.6221900   0.6221900   0.6221900
 582.0000000   0.0000000   0.0000000   0.0000000   0.6221900   0.6221900   0.6221900
 584.0000000   0.0000000   0.0000000   0.0000000   0.6221900   0.6221900   0.6221900
 586.0000000   0.0000000   0.0000000   0.0000000   0.6221900   0.6221900   0.6221900
 588.0000000   0.0000000   0.0000000   0.0000000   0.6221900   0.6221900   0.6221900
 590.0000000   0.0000000   0.0000000   0.0000000   0.6221900   0.6221900   0.6221900
 592.0000000   0.0000000   0.0000000   0.0000000   0.6221900   0.6221900   0.6221900
 594.0000000   0.0000000   0.0000000   0.0000000   0.6221900   0.6221900   0.6221900
 596.0000000   0.0000000   0.0000000   0.0000000   0.6221900   0.6221900   0.6221900
 598.0000000   0.0000000   0.0000000   0.0000000   0.6221900   0.6221900   0.6221900
 600.0000000   0.0000000   0.0000000   0.0000000   0.6221900   0.6221900   0.6221900
 602.0000000   0.0000000   0.0000000   0.0000000   0.6221900   0.6221900   0.6221900
 604.0000000   0.0000000   0.0000000   0.0000000   0.6221900   0.6221900   0.6221900
 606.0000000   0.0000000   0.0000000   0.0000000   0.6221900   0.6221900   0.6221900
 608.0000000   0.0000000   0.0000000   0.0000000   0.6221900   0.6221900   0.6221900
 610.0000000   0.0000000   0.0000000   0.0000000   0.6221900   0.6221900   0.6221900
 612.0000000   0.0000000   0.0000000   0.0000000   0.6221900   0.6221900   0.6221900
 614.0000000   0.0000000   0.0000000   0.0000000   0.6221900   0.6221900   0.6221900
 616.0000000   0.0000000   0.0000000   0.0000000   0.6221900   0.6221900   0.6221900
 618.0000000   0.0000000   0.0000000   0.0000000   0.6221900   0.6221900   0.6221900
 620.0000000   0.0000000   0.0000000   0.0000000   0.6221900   0.6221900   0.6221900
 622.0000000   0.0000000   0.0000000   0.0000000   0.6221900   0.6221900   0.6221900
 624.0000000   0.0000000   0.0000000   0.0000000   0.6221900   0.6221900   0.6221900
 626.0000000   0.0000000   0.0000000   0.0000000   0.6221900   0.6221900   0.6221900
 628.0000000   0.0000000   0.0000000   0.0000000   0.6221900   0.6221900   0.6221900
 630.0000000   0.0000000   0.0000000   0.0000000   0.6221900   0.6221900   0.6221900
 632.0000000   0.0000000   0.0000000   0.0000000   0.6221900   0.6221900   0.6221900
 634.0000000   0.0000000   0.0000000   0.0000000   0.6221900   0.6221900   0.6221900
 636.0000000   0.0000000   0.0000000   0.0000000   0.6221900   0.6221900   0.6221900
 638.0000000   0.0000000   0.0000000   0.0000000   0.6221900   0.6221900   0.6221900
 640.0000000   0.0000000   0.0000000   0.0000000   0.6221900   0.6221900   0.6221900
 642.0000000   0.0000000   0.0000000   0.0000000   0.6221900   0.6221900   0.6221900
 644.0000000   0.0000000   0.0000000   0.0000000   0.6221900   0.6221900   0.6221900
 646.0000000   0.0000000   0.0000000   0.0000000   0.6221900   0.6221900   0.6221900
 648.0000000   0.0000000   0.0000000   0.0000000   0.6221900   0.6221900   0.6221900
 650.0000000   0.0000000   0.0000000   0.0000000   0.6221900   0.6221900   0.6221900
 652.0000000   0.0000000   0.0000000   0.0000000   0.6221900   0.6221900   0.6221900
 654.0000000   0.0000000   0.0000000   0.0000000   0.6221900   0.6221900   0.6221900
 656.0000000   0.0000000   0.0000000   0.0000000   0.6221900   0.6221900   0.6221900
 658.0000000   0.0000000   0.0000000   0.0000000   0.6221900   0.6221900   0.6221900
 660.0000000   0.0000000   0.0000000   0.0000000   0.6221900   0.6221900   0.6221900
 662.0000000   0.0000000   0.0000000   0.0000000   0.6221900   0.6221900   0.6221900
 664.0000000   0.0000000   0.0000000   0.0000000   0.6221900   0.6221900   0.6221900
 666.0000000   0.0000000   0.0000000   0.0000000   0.6221900   0.6221900   0.6221900
 668.0000000   0.0000000   0.0000000   0.0000000   0.6221900   0.6221900   0.6221900
 670.0000000   0.0000000   0.0000000   0.0000000   0.6221900   0.6221900   0.6221900
 672.0000000   0.0000000   0.0000000   0.0000000   0.6221900   0.6221900   0.6221900
 674.0000000   0.0000000   0.0000000   0.0000000   0.6221900   0.6221900   0.6221900
 676.0000000   0.0000000   0.0000000   0.0000000   0.6221900   0.6221900   0.6221900
 678.0000000   0.0000000   0.0000000   0.0000000   0.6221900   0.6221900   0.6221900
 680.0000000   0.0000000   0.0000000   0.0000000   0.6221900   0.6221900   0.6221900
 682.0000000   0.0000000   0.0000000   0.0000000   0.6221900   0.6221900   0.6221900
 684.0000000   0.0000000   0.0000000   0.0000000   0.6221900   0.6221900   0.6221900
 686.0000000   0.0000000   0.0000000   0.0000000   0.6221900   0.6221900   0.6221900
 688.0000000   0.0000000   0.0000000   0.0000000   0.6221900   0.6221900   0.6221900
 690.0000000   0.0000000   0.0000000   0.0000000   0.6221900   0.6221900   0.6221900
 692.0000000   0.0000000   0.0000000   0.0000000   0.6221900   0.6221900   0.6221900
 694.0000000   0.0000000   0.0000000   0.0000000   0.6221900   0.6221900   0.6221900
 696.0000000   0.0000000   0.0000000   0.0000000   0.6221900   0.6221900   0.6221900
 698.0000000   0.0000000   0.0000000   0.0000000   0.6221900   0.6221900   0.6221900
 700.0000000   0.0000000   0.0000000   0.0000000   0.6221900   0.6221900   0.6221900
 702.0000000   0.0000000   0.0000000   0.0000000   0.6221900   0.6221900   0.6221900
 704.0000000   0.0000000   0.0000000   0.0000000   0.6221900   0.6221900   0.6221900
 706.0000000   0.0000000   0.0000000   0.0000000   0.6221900   0.6221900   0.6221900
 708.0000000   0.0000000   0.0000000   0.0000000   0.6221900   0.6221900   0.6221900
 710.0000000   0.0000000   0.0000000   0.0000000   0.6221900   0.6221900   0.6221900
 712.0000000   0.0000000   0.0000000   0.0000000   0.6221900   0.6221900   0.6221900
 714.0000000   0.0000000   0.0000000   0.0000000   0.6221900   0.6221900   0.6221900
 716.0000000   0.0000000   0.0000000   0.0000000   0.6221900   0.6221900   0.6221900
 718.0000000   0.0000000   0.0000000   0.0000000   0.6221900   0.6221900   0.6221900
 720.0000000   0.0000000   0.0000000   0.0000000   0.6221900   0.6221900   0.6221900
 722.0000000   0.0000000   0.0000000   0.0000000   0.6221900   0.6221900   0.6221900
 724.0000000   0.0000000   0.0000000   0.0000000   0.6221900   0.6221900   0.6221900
 726.0000000   0.0000000   0.0000000   0.0000000   0.6221900   0.6221900   0.6221900
 728.0000000   0.0000000   0.0000000   0.0000000   0.6221900   0.6221900   0.6221900
 730.0000000   0.0000000   0.0000000   0.0000000   0.6221900   0.6221900   0.6221900
 732.0000000   0.0000000   0.0000000   0.0000000   0.6221900   0.6221900   0.6221900
 734.0000000   0.0000000   0.0000000   0.0000000   0.6221900   0.6221900   0.6221900
 736.0000000   0.0000000   0.0000000   0.0000000   0.6221900   0.6221900   0.6221900
 738.0000000   0.0000000   0.0000000   0.0000000   0.6221900   0.6221900   0.6221900
 740.0000000   0.0000000   0.0000000   0.0000000   0.6221900   0.6221900   0.6221900
 742.0000000   0.0000000   0.0000000   0.0000000   0.6221900   0.6221900   0.6221900
 744.0000000   0.0000000   0.0000000   0.0000000   0.6221900   0.6221900   0.6221900
 746.0000000   0.0000000   0.0000000   0.0000000   0.6221900   0.6221900   0.6221900
 748.0000000   0.0000000   0.0000000   0.0000000   0.6221900   0.6221900   0.6221900
 750.0000000   0.0000000   0.0000000   0.0000000   0.6221900   0.6221900   0.6221900
 752.0000000   0.0000000   0.0000000   0.0000000   0.6221900   0.6221900   0.6221900
 754.0000000   0.0000000   0.0000000   0.0000000   0.6221900   0.6221900   0.6221900
 756.0000000   0.0000000   0.0000000   0.0000000   0.6221900   0.6221900   0.6221900
 758.0000000   0.0000000   0.0000000   0.0000000   0.6221900   0.6221900   0.6221900
 760.0000000   0.0000000   0.0000000   0.0000000   0.6221900   0.6221900   0.6221900
 762.0000000   0.0000000   0.0000000   0.0000000   0.6221900   0.6221900   0.6221900
 764.0000000   0.0000000   0.0000000   0.0000000   0.6221900   0.6221900   0.6221900
 766.0000000   0.0000000   0.0000000   0.0000000   0.6221900   0.6221900   0.6221900
 768.0000000   0.0000000   0.0000000   0.0000000   0.6221900   0.6221900   0.6221900
 770.0000000   0.0000000   0.0000000   0.0000000   0.6221900   0.6221900   0.6221900
 772.0000000   0.0000000   0.0000000   0.0000000   0.6221900   0.6221900   0.6221900
 774.0000000   0.0000000   0.0000000   0.0000000   0.6221900   0.6221900   0.6221900
 776.0000000   0.0000000   0.0000000   0.0000000   0.6221900   0.6221900   0.6221900
 778.0000000   0.0000000   0.0000000   0.0000000   0.6221900   0.6221900   0.6221900
 780.0000000   0.0000000   0.0000000   0.0000000   0.6221900   0.6221900   0.6221900
 782.0000000   0.0000000   0.0000000   0.0000000   0.6221900   0.6221900   0.6221900
 784.0000000   0.0000000   0.0000000   0.0000000   0.6221900   0.6221900   0.6221900
 786.0000000   0.0000000   0.0000000   0.0000000   0.6221900   0.6221900   0.6221900
 788.0000000   0.0000000   0.0000000   0.0000000   0.6221900   0.6221900   0.6221900
 790.0000000   0.0000000   0.0000000   0.0000000   0.6221900   0.6221900   0.6221900
 792.0000000   0.0000000   0.0000000   0.0000000   0.6221900   0.6221900   0.6221900
 794.0000000   0.0000000   0.0000000   0.0000000   0.6221900   0.6221900   0.6221900
 796.0000000   0.0000000   0.0000000   0.0000000   0.6221900   0.6221900   0.6221900
 798.0000000   0.0000000   0.0000000   0.0000000   0.6221900   0.6221900   0.6221900
 800.0000000   0.0000000   0.0000000   0.0000000   0.6221900   0.6221900   0.6221900
 802.0000000   0.0000000   0.0000000   0.0000000   0.6221900   0.6221900   0.6221900
 804.0000000   0.0000000   0.0000000   0.0000000   0.6221900   0.6221900   0.6221900
 806.0000000   0.0000000   0.0000000   0.0000000   0.6221900   0.6221900   0.6221900
 808.0000000   0.0000000   0.0000000   0.0000000   0.6221900   0.6221900   0.6221900
 810.0000000   0.0000000   0.0000000   0.0000000   0.6221900   0.6221900   0.6221900
 812.0000000   0.0000000   0.0000000   0.0000000   0.6221900   0.6221900   0.6221900
 814.0000000   0.0000000   0.0000000   0.0000000   0.6221900   0.6221900   0.6221900
 816.0000000   0.0000000   0.0000000   0.0000000   0.6221900   0.6221900   0.6221900
 818.0000000   0.0000000   0.0000000   0.0000000   0.6221900   0.6221900   0.6221900
 820.0000000   0.0000000   0.0000000   0.0000000   0.6221900   0.6221900   0.6221900
 822.0000000   0.0000000   0.0000000   0.0000000   0.6221900   0.6221900   0.6221900
 824.0000000   0.0000000   0.0000000   0.0000000   0.6221900   0.6221900   0.6221900
 826.0000000   0.0000000   0.0000000   0.0000000   0.6221900   0.6221900   0.6221900
 828.0000000   0.0000000   0.0000000   0.0000000   0.6221900   0.6221900   0.6221900
 830.0000000   0.0000000   0.0000000   0.0000000   0.6221900   0.6221900   0.6221900
 832.0000000   0.0000000   0.0000000   0.0000000   0.6221900   0.6221900   0.6221900
 834.0000000   0.0000000   0.0000000   0.0000000   0.6221900   0.6221900   0.6221900
 836.0000000   0.0000000   0.0000000   0.0000000   0.6221900   0.6221900   0.6221900
 838.0000000   0.0000000   0.0000000   0.0000000   0.6221900   0.6221900   0.6221900
 840.0000000   0.0000000   0.0000000   0.0000000   0.6221900   0.6221900   0.6221900
 842.0000000   0.0000000   0.0000000   0.0000000   0.6221900   0.6221900   0.6221900
 844.0000000   0.0000000   0.0000000   0.0000000   0.6221900   0.6221900   0.6221900
 846.0000000   0.0000000   0.0000000   0.0000000   0.6221900   0.6221900   0.6221900
 848.0000000   0.0000000   0.0000000   0.0000000   0.6221900   0.6221900   0.6221900
 850.0000000   0.0000000   0.0000000   0.0000000   0.6221900   0.6221900   0.6221900
 852.0000000   0.0000000   0.0000000   0.0000000   0.6221900   0.6221900   0.6221900
 854.0000000   0.0000000   0.0000000   0.0000000   0.6221900   0.6221900   0.6221900
 856.0000000   0.0000000   0.0000000   0.0000000   0.6221900   0.6221900   0.6221900
 858.0000000   0.0000000   0.0000000   0.0000000   0.6221900   0.6221900   0.6221900
 860.0000000   0.0000000   0.0000000   0.0000000   0.6221900   0.6221900   0.6221900
 862.0000000   0.0000000   0.0000000   0.0000000   0.6221900   0.6221900   0.6221900
 864.0000000   0.0000000   0.0000000   0.0000000   0.6221900   0.6221900   0.6221900
 866.0000000   0.0000000   0.0000000   0.0000000   0.6221900   0.6221900   0.6221900
 868.0000000   0.0000000   0.0000000   0.0000000   0.6221900   0.6221900   0.6221900
 870.0000000   0.0000000   0.0000000   0.0000000   0.6221900   0.6221900   0.6221900
 872.0000000   0.0000000   0.0000000   0.0000000   0.6221900   0.6221900   0.6221900
 874.0000000   0.0000000   0.0000000   0.0000000   0.6221900   0.6221900   0.6221900
 876.0000000   0.0000000   0.0000000   0.0000000   0.6221900   0.6221900   0.6221900
 878.0000000   0.0000000   0.0000000   0.0000000   0.6221900   0.6221900   0.6221900
 880.0000000   0.0000000   0.0000000   0.0000000   0.6221900   0.6221900   0.6221900
 882.0000000   0.0000000   0.0000000   0.0000000   0.6221900   0.6221900   0.6221900
 884.0000000   0.0000000   0.0000000   0.0000000   0.6221900   0.6221900   0.6221900
 886.0000000   0.0000000   0.0000000   0.0000000   0.6221900   0.6221900   0.6221900
 888.0000000   0.0000000   0.0000000   0.0000000   0.6221900   0.6221900   0.6221900
 890.0000000   0.0000000   0.0000000   0.0000000   0.6221900   0.6221900   0.6221900
 892.0000000   0.0000000   0.0000000   0.0000000   0.6221900   0.6221900   0.6221900
 894.0000000   0.0000000   0.0000000   0.0000000   0.6221900   0.6221900   0.6221900
 896.0000000   0.0000000   0.0000000   0.0000000   0.6221900   0.6221900   0.6221900
 898.0000000   0.0000000   0.0000000   0.0000000   0.6221900   0.6221900   0.6221900
 900.0000000   0.0000000   0.0000000   0.0000000   0.6221900   0.6221900   0.6221900
 902.0000000   0.0000000   0.0000000   0.0000000   0.6221900   0.6221900   0.6221900
 904.0000000   0.0000000   0.0000000   0.0000000   0.6221900   0.6221900   0.6221900
 906.0000000   0.0000000   0.0000000   0.0000000   0.6221900   0.6221900   0.6221900
 908.0000000   0.0000000   0.0000000   0.0000000   0.6221900   0.6221900   0.6221900
 910.0000000   0.0000000   0.0000000   0.0000000   0.6221900   0.6221900   0.6221900
 912.0000000   0.0000000   0.0000000   0.0000000   0.6221900   0.6221900   0.6221900
 914.0000000   0.0000000   0.0000000   0.0000000   0.6221900   0.6221900   0.6221900
 916.0000000   0.0000000   0.0000000   0.0000000   0.6221900   0.6221900   0.6221900
 918.0000000   0.0000000   0.0000000   0.0000000   0.6221900   0.6221900   0.6221900
 920.0000000   0.0000000   0.0000000   0.0000000   0.6221900   0.6221900   0.6221900
 922.0000000   0.0000000   0.0000000   0.0000000   0.6221900   0.6221900   0.6221900
 924.0000000   0.0000000   0.0000000   0.0000000   0.6221900   0.6221900   0.6221900
 926.0000000   0.0000000   0.0000000   0.0000000   0.6221900   0.6221900   0.6221900
 928.0000000   0.0000000   0.0000000   0.0000000   0.6221900   0.6221900   0.6221900
 930.0000000   0.0000000   0.0000000   0.0000000   0.6221900   0.6221900   0.6221900
 932.0000000   0.0000000   0.0000000   0.0000000   0.6221900   0.6221900   0.6221900
 934.0000000   0.0000000   0.0000000   0.0000000   0.6221900   0.6221900   0.6221900
 936.0000000   0.0000000   0.0000000   0.0000000   0.6221900   0.6221900   0.6221900
 938.0000000   0.0000000   0.0000000   0.0000000   0.6221900   0.6221900   0.6221900
 940.0000000   0.0000000   0.0000000   0.0000000   0.6221900   0.6221900   0.6221900
 942.0000000   0.0000000   0.0000000   0.0000000   0.6221900   0.6221900   0.6221900
 944.0000000   0.0000000   0.0000000   0.0000000   0.6221900   0.6221900   0.6221900
 946.0000000   0.0000000   0.0000000   0.0000000   0.6221900   0.6221900   0.6221900
 948.0000000   0.0000000   0.0000000   0.0000000   0.6221900   0.6221900   0.6221900
 950.0000000   0.0000000   0.0000000   0.0000000   0.6221900   0.6221900   0.6221900
 952.0000000   0.0000000   0.0000000   0.0000000   0.6221900   0.6221900   0.6221900
 954.0000000   0.0000000   0.0000000   0.0000000   0.6221900   0.6221900   0.6221900
 956.0000000   0.0000000   0.0000000   0.0000000   0.6221900   0.6221900   0.6221900
 958.0000000   0.0000000   0.0000000   0.0000000   0.6221900   0.6221900   0.6221900
 960.0000000   0.0000000   0.0000000   0.0000000   0.6221900   0.6221900   0.6221900
 962.0000000   0.0000000   0.0000000   0.0000000   0.6221900   0.6221900   0.6221900
 964.0000000   0.0000000   0.0000000   0.0000000   0.6221900   0.6221900   0.6221900
 966.0000000   0.0000000   0.0000000   0.0000000   0.6221900   0.6221900   0.6221900
 968.0000000   0.0000000   0.0000000   0.0000000   0.6221900   0.6221900   0.6221900
 970.0000000   0.0000000   0.0000000   0.0000000   0.6221900   0.6221900   0.6221900
 972.0000000   0.0000000   0.0000000   0.0000000   0.6221900   0.6221900   0.6221900
 974.0000000   0.0000000   0.0000000   0.0000000   0.6221900   0.6221900   0.6221900
 976.0000000   0.0000000   0.0000000   0.0000000   0.6221900   0.6221900   0.6221900
 978.0000000   0.0000000   0.0000000   0.0000000   0.6221900   0.6221900   0.6221900
 980.0000000   0.0000000   0.0000000   0.0000000   0.6221900   0.6221900   0.6221900
 982.0000000   0.0000000   0.0000000   0.0000000   0.6221900   0.6221900   0.6221900
 984.0000000   0.0000000   0.0000000   0.0000000   0.6221900   0.6221900   0.6221900
 986.0000000   0.0000000   0.0000000   0.0000000   0.6221900   0.6221900   0.6221900
 988.0000000   0.0000000   0.0000000   0.0000000   0.6221900   0.6221900   0.6221900
 990.0000000   0.0000000   0.0000000   0.0000000   0.6221900   0.6221900   0.6221900
 992.0000000   0.0000000   0.0000000   0.0000000   0.6221900   0.6221900   0.6221900
 994.0000000   0.0000000   0.0000000   0.0000000   0.6221900   0.6221900   0.6221900
 996.0000000   0.0000000   0.0000000   0.0000000   0.6221900   0.6221900   0.6221900
 998.0000000   0.0000000   0.0000000   0.0000000   0.6221900   0.6221900   0.6221900
1000.0000000   0.0000000   0.0000000   0.0000000   0.6221900   0.6221900   0.6221900
1002.0000000   0.0000000   0.0000000   0.0000000   0.6221900   0.6221900   0.6221900
1004.0000000   0.0000000   0.0000000   0.0000000   0.6221900   0.6221900   0.6221900
1006.0000000   0.0000000   0.0000000   0.0000000   0.6221900   0.6221900   0.6221900
1008.0000000   0.0000000   0.0000000   0.0000000   0.6221900   0.6221900   0.6221900
1010.0000000   0.0000000   0.0000000   0.0000000   0.6221900   0.6221900   0.6221900
1012.0000000   0.0000000   0.0000000   0.0000000   0.6221900   0.6221900   0.6221900
1014.0000000   0.0000000   0.0000000   0.0000000   0.6221900   0.6221900   0.6221900
1016.0000000   0.0000000   0.0000000   0.0000000   0.6221900   0.6221900   0.6221900
1018.0000000   0.0000000   0.0000000   0.0000000   0.6221900   0.6221900   0.6221900
1020.0000000   0.0000000   0.0000000   0.0000000   0.6221900   0.6221900   0.6221900
1022.0000000   0.0000000   0.0000000   0.0000000   0.6221900   0.6221900   0.6221900
1024.0000000   0.0000000   0.0000000   0.0000000   0.6221900   0.6221900   0.6221900
1026.0000000   0.0000000   0.0000000   0.0000000   0.6221900   0.6221900   0.6221900
1028.0000000   0.0000000   0.0000000   0.0000000   0.6221900   0.6221900   0.6221900
1030.0000000   0.0000000   0.0000000   0.0000000   0.6221900   0.6221900   0.6221900
1032.0000000   0.0000000   0.0000000   0.0000000   0.6221900   0.6221900   0.6221900
1034.0000000   0.0000000   0.0000000   0.0000000   0.6221900   0.6221900   0.6221900
1036.0000000   0.0000000   0.0000000   0.0000000   0.6221900   0.6221900   0.6221900
1038.0000000   0.0000000   0.0000000   0.0000000   0.6221900   0.6221900   0.6221900
1040.0000000   0.0000000   0.0000000   0.0000000   0.6221900   0.6221900   0.6221900
1042.0000000   0.0000000   0.0000000   0.0000000   0.6221900   0.6221900   0.6221900
1044.0000000   0.0000000   0.0000000   0.0000000   0.6221900   0.6221900   0.6221900
1046.0000000   0.0000000   0.0000000   0.0000000   0.6221900   0.6221900   0.6221900
1048.0000000   0.0000000   0.0000000   0.0000000   0.6221900   0.6221900   0.6221900
1050.0000000   0.0000000   0.0000000   0.0000000   0.6221900   0.6221900   0.6221900
1052.0000000   0.0000000   0.0000000   0.0000000   0.6221900   0.6221900   0.6221900
1054.0000000   0.0000000   0.0000000   0.0000000   0.6221900   0.6221900   0.6221900
1056.0000000   0.0000000   0.0000000   0.0000000   0.6221900   0.6221900   0.6221900
1058.0000000   0.0000000   0.0000000   0.0000000   0.6221900   0.6221900   0.6221900
1060.0000000   0.0000000   0.0000000   0.0000000   0.6221900   0.6221900   0.6221900
1062.0000000   0.0000000   0.0000000   0.0000000   0.6221900   0.6221900   0.6221900
1064.0000000   0.0000000   0.0000000   0.0000000   0.6221900   0.6221900   0.6221900
1066.0000000   0.0000000   0.0000000   0.0000000   0.6221900   0.6221900   0.6221900
1068.0000000   0.0000000   0.0000000   0.0000000   0.6221900   0.6221900   0.6221900
1070.0000000   0.0000000   0.0000000   0.0000000   0.6221900   0.6221900   0.6221900
1072.0000000   0.0000000   0.0000000   0.0000000   0.6221900   0.6221900   0.6221900
1074.0000000   0.0000000   0.0000000   0.0000000   0.6221900   0.6221900   0.6221900
1076.0000000   0.0000000   0.0000000   0.0000000   0.6221900   0.6221900   0.6221900
1078.0000000   0.0000000   0.0000000   0.0000000   0.6221900   0.6221900   0.6221900
1080.0000000   0.0000000   0.0000000   0.0000000   0.6221900   0.6221900   0.6221900
1082.0000000   0.0000000   0.0000000   0.0000000   0.6221900   0.6221900   0.6221900
1084.0000000   0.0000000   0.0000000   0.0000000   0.6221900   0.6221900   0.6221900
1086.0000000   0.0000000   0.0000000   0.0000000   0.6221900   0.6221900   0.6221900
1088.0000000   0.0000000   0.0000000   0.0000000   0.6221900   0.6221900   0.6221900
1090.0000000   0.0000000   0.0000000   0.0000000   0.6221900   0.6221900   0.6221900
1092.0000000   0.0000000   0.0000000   0.0000000   0.6221900   0.6221900   0.6221900
1094.0000000   0.0000000   0.0000000   0.0000000   0.6221900   0.6221900   0.6221900
1096.0000000   0.0000000   0.0000000   0.0000000   0.6221900   0.6221900   0.6221900
1098.0000000   0.0000000   0.0000000   0.0000000   0.6221900   0.6221900   0.6221900
1100.0000000   0.0000000   0.0000000   0.0000000   0.6221900   0.6221900   0.6221900
1102.0000000   0.0000000   0.0000000   0.0000000   0.6221900   0.6221900   0.6221900
1104.0000000   0.0000000   0.0000000   0.0000000   0.6221900   0.6221900   0.6221900
1106.0000000   0.0000000   0.0000000   0.0000000   0.6221900   0.6221900   0.6221900
1108.0000000   0.0000000   0.0000000   0.0000000   0.6221900   0.6221900   0.6221900
1110.0000000   0.0000000   0.0000000   0.0000000   0.6221900   0.6221900   0.6221900
1112.0000000   0.0000000   0.0000000   0.0000000   0.6221900   0.6221900   0.6221900
1114.0000000   0.0000000   0.0000000   0.0000000   0.6221900   0.6221900   0.6221900
1116.0000000   0.0000000   0.0000000   0.0000000   0.6221900   0.6221900   0.6221900
1118.0000000   0.0000000   0.0000000   0.0000000   0.6221900   0.6221900   0.6221900
1120.0000000   0.0000000   0.0000000   0.0000000   0.6221900   0.6221900   0.6221900
1122.0000000   0.0000000   0.0000000   0.0000000   0.6221900   0.6221900   0.6221900
1124.0000000   0.0000000   0.0000000   0.0000000   0.6221900   0.6221900   0.6221900
1126.0000000   0.0000000   0.0000000   0.0000000   0.6221900   0.6221900   0.6221900
1128.0000000   0.0000000   0.0000000   0.0000000   0.6221900   0.6221900   0.6221900
1130.0000000   0.0000000   0.0000000   0.0000000   0.6221900   0.6221900   0.6221900
1132.0000000   0.0000000   0.0000000   0.0000000   0.6221900   0.6221900   0.6221900
1134.0000000   0.0000000   0.0000000   0.0000000   0.6221900   0.6221900   0.6221900
1136.0000000   0.0000000   0.0000000   0.0000000   0.6221900   0.6221900   0.6221900
1138.0000000   0.0000000   0.0000000   0.0000000   0.6221900   0.6221900   0.6221900
1140.0000000   0.0000000   0.0000000   0.0000000   0.6221900   0.6221900   0.6221900
1142.0000000   0.0000000   0.0000000   0.0000000   0.6221900   0.6221900   0.6221900
1144.0000000   0.0000000   0.0000000   0.0000000   0.6221900   0.6221900   0.6221900
1146.0000000   0.0000000   0.0000000   0.0000000   0.6221900   0.6221900   0.6221900
1148.0000000   0.0000000   0.0000000   0.0000000   0.6221900   0.6221900   0.6221900
1150.0000000   0.0000000   0.0000000   0.0000000   0.6221900   0.6221900   0.6221900
1152.0000000   0.0000000   0.0000000   0.0000000   0.6221900   0.6221900   0.6221900
1154.0000000   0.0000000   0.0000000   0.0000000   0.6221900   0.6221900   0.6221900
1156.0000000   0.0000000   0.0000000   0.0000000   0.6221900   0.6221900   0.6221900
1158.0000000   0.0000000   0.0000000   0.0000000   0.6221900   0.6221900   0.6221900
1160.0000000   0.0000000   0.0000000   0.0000000   0.6221900   0.6221900   0.6221900
1162.0000000   0.0000000   0.0000000   0.0000000   0.6221900   0.6221900   0.6221900
1164.0000000   0.0000000   0.0000000   0.0000000   0.6221900   0.6221900   0.6221900
1166.0000000   0.0000000   0.0000000   0.0000000   0.6221900   0.6221900   0.6221900
1168.0000000   0.0000000   0.0000000   0.0000000   0.6221900   0.6221900   0.6221900
1170.0000000   0.0000000   0.0000000   0.0000000   0.6221900   0.6221900   0.6221900
1172.0000000   0.0000000   0.0000000   0.0000000   0.6221900   0.6221900   0.6221900
1174.0000000   0.0000000   0.0000000   0.0000000   0.6221900   0.6221900   0.6221900
1176.0000000   0.0000000   0.0000000   0.0000000   0.6221900   0.6221900   0.6221900
1178.0000000   0.0000000   0.0000000   0.0000000   0.6221900   0.6221900   0.6221900
1180.0000000   0.0000000   0.0000000   0.0000000   0.6221900   0.6221900   0.6221900
1182.0000000   0.0000000   0.0000000   0.0000000   0.6221900   0.6221900   0.6221900
1184.0000000   0.0000000   0.0000000   0.0000000   0.6221900   0.6221900   0.6221900
1186.0000000   0.0000000   0.0000000   0.0000000   0.6221900   0.6221900   0.6221900
1188.0000000   0.0000000   0.0000000   0.0000000   0.6221900   0.6221900   0.6221900
1190.0000000   0.0000000   0.0000000   0.0000000   0.6221900   0.6221900   0.6221900
1192.0000000   0.0000000   0.0000000   0.0000000   0.6221900   0.6221900   0.6221900
1194.0000000   0.0000000   0.0000000   0.0000000   0.6221900   0.6221900   0.6221900
1196.0000000   0.0000000   0.0000000   0.0000000   0.6221900   0.6221900   0.6221900
1198.0000000   0.0000000   0.0000000   0.0000000   0.6221900   0.6221900   0.6221900
