 1.09737e-10 6.68463e-13 0
 1.09737e-10 6.68463e-13 0
 1.09737e-10 6.68463e-13 0
 45.5082 1.36317 1.16604
 45.5082 1.36317 1.16604
 45.5082 1.36317 1.16604
 46.2036 1.33936 1.20087
 46.2036 1.33936 1.20087
 46.2036 1.33936 1.20087
 73.3461 0.883626 13.9664
 73.3461 0.883626 13.9664
 73.3461 0.883626 13.9664
 205.381 0.127853 1.23444
 205.381 0.127853 1.23444
 205.381 0.127853 1.23444
 7.7421 1.30822 0
 7.7421 1.30822 0
 17.2983 2.04175 0.0268861
 45.3681 1.34108 1.17195
 45.3681 1.34108 1.17195
 46.4094 1.3255 1.21986
 46.5274 1.32303 1.22582
 46.5274 1.32303 1.22582
 57.9914 0.969534 4.25523
 73.2345 0.837963 13.9802
 73.2345 0.837963 13.9802
 86.5658 1.06492 16.7214
 205.398 0.128596 1.24005
 205.398 0.128596 1.24005
 244.166 0 7.06067
 15.1005 2.00445 0
 15.1005 2.00445 0
 29.7817 2.39932 0.139141
 44.6964 1.35378 1.14359
 44.6964 1.35378 1.14359
 46.9664 1.30759 1.26811
 47.6709 1.30112 1.31975
 47.6709 1.30112 1.31975
 64.4726 0.879342 8.64383
 72.9012 0.859808 13.424
 72.9012 0.859808 13.424
 95.2191 0.825981 15.5502
 205.445 0.130232 1.24128
 205.445 0.130232 1.24128
 240.078 0 5.85435
 21.7544 2.38547 0
 21.7544 2.38547 0
 38.2958 1.59327 0.532372
 43.4723 1.41579 0.842833
 43.4723 1.41579 0.842833
 47.7155 1.32688 1.36559
 49.4101 1.2685 1.54182
 49.4101 1.2685 1.54182
 67.0469 0.887974 9.58484
 72.3647 0.865004 12.8724
 72.3647 0.865004 12.8724
 112.377 0.864198 11.8308
 205.508 0.13369 1.24304
 205.508 0.13369 1.24304
 233.425 0 4.31865
 27.5033 2.51681 0
 27.5033 2.51681 0
 41.6873 1.50008 0.561639
 41.6873 1.50008 0.561639
 44.8927 1.46273 0.711488
 48.4514 1.23336 1.02126
 51.3285 1.15545 1.85442
 51.3285 1.15545 1.85442
 66.3575 0.864192 9.25717
 71.702 0.901059 12.5168
 71.702 0.901059 12.5168
 132.212 0.63676 5.29211
 205.573 0.139027 1.29387
 205.573 0.139027 1.29387
 224.737 0.00606116 2.18285
 32.289 2.01595 0.00788749
 32.289 2.01595 0.00788749
 39.2923 1.58783 0.416559
 39.2923 1.58783 0.416559
 48.9821 1.23858 1.04339
 49.9431 1.25198 1.17591
 52.877 1.12915 1.85299
 52.877 1.12915 1.85299
 64.4207 0.849615 8.37792
 71.1031 0.885063 12.846
 71.1031 0.885063 12.846
 148.944 0.814616 5.1805
 205.62 0.163449 1.2955
 205.62 0.163449 1.2955
 215.75 0.0350932 1.06814
 35.9183 1.74521 0.172916
 35.9183 1.74521 0.172916
 36.4589 1.77741 0.202457
 36.4589 1.77741 0.202457
 49.1747 1.20892 1.13096
 52.1711 1.21015 1.6504
 53.4826 1.1563 2.69575
 53.4826 1.1563 2.69575
 63.1886 0.87277 7.96304
 70.8515 0.886052 12.8515
 70.8515 0.886052 12.8515
 156.151 1.39352 3.84893
 205.638 0.18574 1.33888
 205.638 0.18574 1.33888
 211.268 0.0472626 1.11397
 10.9313 1.69168 0
 16.0482 2.01446 0.0195696
 21.0787 2.38635 0.0504375
 45.4036 1.34664 1.20928
 45.7757 1.3381 1.21807
 46.6819 1.31493 1.24965
 47.0401 1.31436 1.26814
 47.415 1.30782 1.29071
 57.3307 0.93331 3.77067
 73.1202 0.845074 13.9595
 77.4813 0.968184 16.3447
 86.9286 1.08461 16.8056
 204.479 0.134693 1.3879
 205.415 0.128636 1.2348
 243.575 0 6.13937
 16.9191 2.12689 0
 21.0493 2.34273 0.0179648
 31.0289 2.12698 0.142454
 44.9339 1.36438 1.1759
 45.5204 1.3511 1.20895
 46.6457 1.31476 1.27567
 47.6455 1.30269 1.3356
 49.1556 1.29915 1.45633
 62.17 0.870817 7.2634
 72.7787 0.865658 13.4688
 79.3767 0.973107 15.2249
 95.1092 0.847634 15.7814
 204.094 0.165336 1.40104
 205.46 0.13181 1.23103
 240.063 0 5.9283
 22.9961 2.37031 0
 25.7094 2.25262 0.0105327
 38.6002 1.61298 0.511268
 43.8036 1.4283 0.86494
 45.0977 1.38057 1.09405
 45.8902 1.36544 1.2575
 49.3379 1.26386 1.56385
 51.1631 1.20159 1.77075
 65.1946 0.87537 8.85125
 72.2281 0.870312 12.6694
 78.8646 0.965779 15.8487
 112.41 0.835065 12.3761
 204.213 0.18538 1.40808
 205.522 0.192841 1.23222
 233.778 0 4.29464
 28.4165 2.40504 0
 30.1718 2.286 0.00122848
 42.1038 1.49933 0.580875
 43.3488 1.47208 0.650501
 44.2686 1.46056 0.693875
 46.3874 1.34172 0.816335
 51.2531 1.15608 2.00158
 53.0341 1.08475 2.57992
 65.5898 0.866187 9.11016
 71.5461 0.909562 12.2174
 77.979 0.962657 17.7996
 131.977 0.590552 5.31104
 204.599 0.196772 1.42352
 205.585 0.182662 1.30312
 225.381 0.00198014 2.54127
 32.9591 2.03744 0.00360138
 33.9996 1.85292 0.018912
 39.8297 1.5549 0.381338
 41.3135 1.47318 0.462818
 46.0709 1.29656 0.772303
 49.2307 1.23215 1.1735
 52.8135 1.12215 2.094
 54.0984 1.08109 2.99818
 64.985 0.865236 9.06528
 70.9278 0.884896 12.1882
 77.2169 0.984603 16.931
 148.166 0.783578 4.51106
 205.452 0.207823 1.32061
 205.631 0.20515 1.30455
 216.347 0.0269465 1.10077
 36.0505 1.81862 0.166044
 36.1219 1.81745 0.169797
 37.4962 1.83323 0.232983
 39.7852 1.4221 0.289931
 46.2593 1.27018 0.833244
 51.1851 1.22023 1.63975
 53.4266 1.14368 2.58919
 54.1217 1.1424 2.91251
 64.6003 0.873899 9.39274
 70.6672 0.882099 12.3392
 76.9101 1.00439 16.5651
 154.965 1.21395 4.10349
 205.648 0.227486 1.34809
 206.899 0.199803 1.25928
 210.92 0.0469652 1.11583
 21.1748 2.35996 0
 27.1306 2.18957 0.0348535
 34.9953 1.76878 0.219508
 43.9939 1.38889 1.13928
 45.2071 1.37828 1.25098
 47.9451 1.30146 1.38001
 49.2085 1.28765 1.50806
 50.1946 1.26953 1.63104
 63.4377 0.883751 7.89454
 72.4118 0.860864 12.7373
 90.5459 1.06254 17.4435
 96.9658 0.866707 14.6587
 202.507 0.208735 1.64524
 205.502 0.182778 1.20787
 238.142 0 6.41662
 26.0975 2.20023 0
 30.4969 2.22441 0.0276451
 39.5998 1.61194 0.464032
 42.9881 1.46824 0.739137
 44.6509 1.41196 0.918893
 48.5229 1.26707 1.57727
 49.2316 1.24417 1.70491
 52.2556 1.08515 2.35533
 65.8791 0.86785 9.29942
 71.8171 0.872499 12.0532
 92.8637 0.930376 15.0079
 112.682 0.76962 12.2462
 202.181 0.228126 1.7584
 205.559 0.179195 1.23402
 233.286 0 3.84424
 30.6894 2.17867 0
 33.1524 1.98554 0.00612636
 41.5097 1.5483 0.558196
 43.3419 1.48696 0.681677
 44.4849 1.45369 0.738098
 47.2048 1.27793 0.963655
 51.0574 1.13389 1.97074
 53.8345 1.03951 2.96213
 67.0008 0.871083 9.56725
 71.0745 0.895964 11.5541
 92.7523 0.929327 14.9621
 131.555 0.584312 5.37108
 202.972 0.234514 1.64812
 205.617 0.180064 1.30449
 225.999 0 2.74791
 34.4591 1.87591 0.0150598
 35.1388 1.82364 0.0265757
 41.4358 1.47121 0.450298
 41.5787 1.46208 0.467918
 45.4597 1.29153 0.810927
 47.9258 1.25915 1.12829
 52.6357 1.10769 2.13306
 54.3833 1.04554 3.11792
 67.3824 0.867407 9.86921
 70.3943 0.885829 11.6733
 92.5654 0.896689 14.9939
 146.51 0.709641 4.19575
 205.135 0.206357 1.39596
 205.659 0.197988 1.34736
 217.458 0.00583888 1.14921
 35.9192 1.93345 0.040189
 36.4158 1.92139 0.0508668
 40.2928 1.396 0.304717
 41.4598 1.3546 0.421144
 44.8909 1.27243 0.719532
 49.2164 1.19834 1.35726
 53.2689 1.12496 2.66051
 54.3065 1.11215 3.05066
 67.4786 0.865737 10.6171
 70.1052 0.874712 11.7168
 92.4878 0.855259 15.2642
 152.475 1.01305 4.09592
 205.675 0.21819 1.36466
 209.533 0.131333 1.14648
 210.121 0.100358 1.13071
 29.8596 2.21365 0
 32.543 2.05452 0.0046849
 40.8528 1.63472 0.350848
 41.4972 1.58184 0.386619
 45.3973 1.43341 1.04166
 49.575 1.21444 1.77475
 50.4334 1.14328 2.14121
 52.3366 1.07121 2.48417
 67.8593 0.886639 9.93243
 71.1452 0.887402 11.6331
 108.037 0.860654 12.171
 116.282 0.697429 9.66348
 201.402 0.270841 1.97619
 205.61 0.181551 1.2522
 230.347 0 3.06596
 32.5232 2.03062 0
 33.3322 2.02392 0.00218207
 40.1204 1.64227 0.240483
 43.8366 1.48213 0.644527
 45.2505 1.39158 0.842509
 49.9855 1.1416 1.7274
 50.8723 1.12464 1.95964
 53.3298 1.04036 2.68629
 69.2539 0.881956 10.5872
 70.2942 0.895367 11.2274
 110.685 0.80624 12.6439
 132.082 0.647527 5.30733
 202.293 0.253702 1.79906
 205.661 0.177326 1.31266
 224.874 0 2.40065
 31.8281 2.12185 0
 35.9027 1.86712 0.0651795
 40.1972 1.56151 0.237046
 44.5319 1.30187 0.678799
 45.8471 1.28842 0.863683
 49.2178 1.17786 1.38131
 52.3843 1.134 2.15427
 53.9131 1.04899 2.88747
 69.4993 0.881025 11.3621
 70.0107 0.885256 11.522
 110.892 0.812441 12.2882
 145.689 0.672879 4.31077
 205.069 0.190556 1.47762
 205.699 0.178937 1.40689
 217.713 0.0249932 1.18108
 31.4995 2.1986 0
 36.9249 1.92163 0.125686
 40.3217 1.45291 0.253221
 44.1023 1.30233 0.588926
 46.613 1.24353 0.932522
 48.9509 1.16595 1.28647
 53.0421 1.10959 2.51536
 54.0147 1.1007 2.91016
 69.1557 0.86983 11.4779
 70.253 0.878149 12.0216
 110.913 0.823783 12.3508
 150.933 0.899154 4.13241
 205.713 0.216741 1.42584
 209.358 0.0855048 1.1596
 211.476 0.0464588 1.13137
 29.0645 2.241 0
 35.5412 1.83863 0.0815349
 40.9878 1.56862 0.320815
 43.6763 1.49748 0.493177
 47.1405 1.21719 0.79612
 51.104 1.12165 2.13208
 51.5153 1.10275 2.28593
 52.8633 1.0679 2.63322
 69.2845 0.910105 11.0058
 70.9852 0.91457 11.9423
 122.356 0.518656 6.85036
 138.043 0.703163 5.08551
 203.096 0.220189 1.81709
 205.706 0.174648 1.38033
 221.44 0.00615833 1.58202
 26.0745 2.52603 0
 36.9579 1.77059 0.184387
 41.3585 1.50661 0.355583
 44.2879 1.35412 0.508553
 47.9542 1.18872 0.831102
 51.4267 1.15219 1.79378
 52.1447 1.11965 2.1331
 53.3386 1.08222 2.59756
 68.3106 0.902325 10.9516
 72.0057 0.926994 13.6498
 124.736 0.452682 6.33628
 148.603 0.795804 4.23715
 205.563 0.173506 1.50841
 205.739 0.171517 1.48469
 216.175 0.0357006 1.16478
 24.932 2.56732 0
 37.4473 1.82448 0.219395
 41.3565 1.40897 0.361502
 44.6873 1.30899 0.527539
 48.0596 1.1502 0.822669
 51.2497 1.14019 1.72598
 52.8002 1.09307 2.28576
 53.5956 1.0977 2.65626
 67.8769 0.886317 11.3379
 72.3401 0.928225 14.1449
 125.016 0.441682 6.3289
 153.189 0.970952 4.13316
 205.751 0.17081 1.53303
 208.938 0.0592362 1.15926
 211.501 0.0486318 1.08548
 21.254 2.2945 0
 37.6133 1.70633 0.256785
 42.2957 1.35714 0.418914
 43.2696 1.25872 0.461842
 50.6024 1.16987 1.16535
 52.1645 1.20506 1.78178
 52.6279 1.19462 1.99407
 53.0193 1.1747 2.17995
 67.1142 0.888597 10.6455
 73.1985 0.948617 15.4791
 129.986 0.498951 5.09497
 155.843 1.21537 4.0212
 205.768 0.140293 1.60631
 206.84 0.10734 1.5012
 212.982 0.0446686 1.01564
 19.3029 2.25917 0
 37.8396 1.70934 0.272185
 42.3224 1.28904 0.433309
 43.2268 1.23091 0.470736
 51.2442 1.15114 1.34716
 52.6123 1.1444 1.98826
 52.6631 1.14736 2.01103
 53.2607 1.12877 2.28581
 66.5571 0.877569 10.7671
 73.591 0.956244 15.7072
 130.922 0.542374 5.00633
 159.698 2.71494 3.83153
 205.779 0.097499 1.63545
 208.827 0.0556133 1.20175
 209.919 0.0522463 1.14595
 16.9237 2.18773 0
 37.9855 1.69461 0.288467
 42.6915 1.23389 0.457443
 42.6915 1.23389 0.457443
 52.5409 1.12412 1.97938
 52.5409 1.12412 1.97938
 53.135 1.14861 2.19892
 53.135 1.14861 2.19892
 65.925 0.888573 11.2079
 74.0032 0.954011 16.0529
 132.1 0.726521 4.96584
 163.379 4.18254 3.89149
 205.789 0.0910729 1.67068
 208.825 0.0532287 1.10511
 208.825 0.0532287 1.10511
 17.6096 2.15444 0
 17.6096 2.15444 0
 24.1967 2.37302 0.0694802
 45.2471 1.35986 1.25252
 46.4057 1.33133 1.27558
 46.4057 1.33133 1.27558
 48.171 1.32337 1.36039
 48.171 1.32337 1.36039
 56.7023 0.928255 3.35041
 77.4073 0.939199 16.0143
 77.4073 0.939199 16.0143
 87.2744 1.11833 17.3494
 204.528 0.136039 1.36482
 204.528 0.136039 1.36482
 243.011 0 5.83089
 21.3716 2.37218 0
 22.789 2.39041 0.0144123
 32.323 1.96735 0.158233
 44.7178 1.3824 1.20544
 45.8031 1.35918 1.26833
 47.0493 1.33133 1.34649
 48.2328 1.3098 1.40007
 50.1715 1.28551 1.56512
 60.7382 0.909735 6.63656
 77.1796 0.934823 15.8114
 80.5989 1.00563 18.2472
 95.0578 0.873234 15.9931
 203.829 0.232701 1.42631
 204.662 0.152924 1.32007
 239.9 0 5.9229
 25.867 2.25124 0
 27.1466 2.2669 0.00136772
 38.9378 1.62217 0.470837
 44.1114 1.41731 0.882388
 45.1476 1.40255 1.13955
 46.5631 1.35486 1.27103
 48.7075 1.2947 1.52181
 52.5153 1.09293 2.12896
 64.0639 0.848017 8.346
 76.7968 0.923579 15.9747
 80.1176 0.984049 16.6946
 112.441 0.807686 11.9718
 203.827 0.227435 1.44992
 204.847 0.21634 1.31504
 233.995 0 4.30172
 30.2027 2.21288 0
 31.305 2.06114 0.000354621
 42.706 1.48025 0.600936
 43.4423 1.46595 0.643757
 45.0255 1.44412 0.763566
 45.4961 1.40991 0.785804
 50.0156 1.20018 1.40772
 54.8121 1.01138 3.32121
 65.1922 0.860294 8.94444
 76.3048 0.925409 16.2401
 79.0696 0.974659 16.499
 131.765 0.603408 5.37913
 204.336 0.231519 1.44201
 205.032 0.226231 1.36425
 225.912 0.000621111 2.56676
 33.9305 1.88772 0
 34.7675 1.8046 0.0164217
 40.7445 1.51265 0.386492
 42.8795 1.36885 0.556381
 45.1021 1.29283 0.743536
 47.8968 1.2842 1.00307
 50.775 1.22851 1.73963
 56.548 1.0091 3.72367
 65.3909 0.862129 9.25337
 75.8493 0.9787 15.9609
 78.1494 0.997171 16.9906
 147.475 0.744374 4.25026
 205.169 0.243284 1.38487
 205.694 0.239707 1.31891
 216.961 0.020494 1.11995
 36.0635 1.88582 0.0683296
 36.4319 1.85319 0.0894408
 39.2038 1.48894 0.25215
 41.845 1.32986 0.355001
 45.1465 1.28436 0.708565
 49.7306 1.20007 1.58055
 50.4797 1.20945 1.78563
 57.205 1.01045 3.73829
 65.3912 0.862187 10.0728
 75.6561 0.976072 15.6
 77.7745 1.01872 16.8343
 153.936 1.05139 4.20288
 205.219 0.265249 1.39609
 208.434 0.280538 1.20935
 210.617 0.0485711 1.1123
 24.7884 2.25608 0
 27.6829 2.25465 0.00987755
 36.0129 1.7393 0.236916
 43.4731 1.4435 1.07431
 45.9806 1.38603 1.26786
 46.6987 1.34599 1.32613
 51.1412 1.22026 1.81807
 51.2 1.21584 1.82965
 62.1499 0.86575 7.07003
 78.1664 0.943576 15.9412
 90.5134 1.07552 17.3963
 97.0016 0.867045 14.4017
 202.633 0.296898 1.59594
 204.533 0.222977 1.31201
 238.003 0 6.55541
 28.4508 2.24336 0
 30.938 2.11377 0.00396258
 39.8806 1.61791 0.43104
 42.4589 1.51506 0.685769
 45.1988 1.42354 1.03674
 47.2865 1.34918 1.33842
 50.5216 1.19767 1.99395
 53.9397 0.965325 2.87934
 64.9196 0.857511 8.73485
 77.6956 0.939377 16.6524
 92.8687 0.928594 15.0655
 112.711 0.741012 12.1173
 202.282 0.323043 1.72181
 204.718 0.229087 1.30983
 233.382 0 3.74753
 31.9812 2.00564 0
 33.635 1.9559 0.000776781
 41.1578 1.57266 0.500315
 43.484 1.49306 0.676852
 43.8989 1.48609 0.714818
 48.4204 1.23031 1.19056
 49.3946 1.21684 1.4106
 56.3216 0.919464 3.68466
 66.5405 0.866203 9.5022
 77.0013 0.937272 16.7452
 92.7575 0.922983 14.927
 131.392 0.594948 5.45793
 203.065 0.313265 1.65473
 204.951 0.233094 1.36861
 226.382 0 2.55109
 34.7276 1.84958 0
 35.7815 1.79541 0.0188522
 40.9204 1.51104 0.345908
 42.3051 1.41701 0.504529
 45.4587 1.28399 0.831937
 48.3885 1.23791 1.29804
 49.2712 1.21802 1.49155
 58.0081 0.948134 4.90308
 67.3308 0.868262 9.94654
 76.3544 0.982518 15.9597
 92.5643 0.899394 15.4653
 146.003 0.691146 4.20038
 204.791 0.259595 1.45367
 205.71 0.235051 1.36463
 218.074 0.00257429 1.15523
 35.7949 1.94585 0.0163708
 36.8297 1.90451 0.0477175
 40.9541 1.38511 0.341381
 41.3071 1.37839 0.379131
 46.1514 1.25605 0.873966
 48.0153 1.21587 1.23317
 49.5227 1.19432 1.57928
 58.6312 0.941306 5.02112
 67.5793 0.860211 10.7745
 76.0799 0.981943 15.7296
 92.484 0.868603 15.4576
 151.751 0.934281 4.07808
 205.031 0.276715 1.4574
 209.923 0.112007 1.13818
 210.972 0.0629594 1.13044
 31.3157 2.01454 0
 32.7072 1.98791 0.000456968
 40.5142 1.65379 0.313642
 41.3338 1.6213 0.361217
 46.026 1.39062 1.0945
 46.3485 1.37304 1.13225
 53.635 0.970997 3.05205
 53.8295 0.962007 3.07952
 67.0949 0.887897 9.76872
 77.1706 0.93083 16.331
 107.979 0.850752 12.4582
 116.325 0.712839 9.81773
 201.597 0.344634 1.90034
 204.879 0.270855 1.30909
 230.513 0 2.97268
 32.5646 1.98535 0
 34.1457 1.87433 0.000597273
 39.8814 1.65963 0.195254
 42.9275 1.51427 0.444401
 45.0566 1.45239 0.841238
 47.297 1.29155 1.13423
 52.8745 1.0437 2.86134
 56.338 0.911034 3.94681
 68.7772 0.894119 10.4556
 76.4223 0.944298 15.8817
 110.64 0.795043 12.7278
 131.959 0.613289 5.35657
 202.475 0.327294 1.78183
 205.098 0.268494 1.36669
 225.227 0 2.45812
 31.8241 2.09832 0
 36.2934 1.8262 0.0695171
 40.0541 1.56912 0.217395
 43.4662 1.35568 0.450469
 45.0606 1.3099 0.746168
 47.7294 1.26721 1.18195
 52.156 1.12814 2.32651
 58.1374 0.942957 4.89565
 69.7682 0.892327 11.4158
 75.7192 0.983185 15.7377
 110.846 0.801096 12.3594
 145.327 0.656321 4.31495
 204.716 0.285284 1.51344
 205.788 0.253255 1.40765
 218.307 0.0244421 1.18448
 31.4761 2.16366 0
 37.1647 1.87078 0.124902
 40.279 1.45172 0.241103
 42.9104 1.34936 0.396061
 46.0521 1.27892 0.852731
 47.4128 1.25161 1.10758
 51.931 1.12085 2.26157
 58.8041 0.937246 5.03392
 70.1021 0.885261 11.9869
 75.4161 0.970892 15.5618
 110.865 0.817553 12.4889
 150.436 0.923662 4.06483
 205.107 0.315516 1.52321
 209.274 0.10271 1.18575
 212.673 0.0424718 1.11205
 29.0755 2.229 0
 35.9026 1.77144 0.0738129
 40.7935 1.57235 0.294156
 42.855 1.51983 0.415072
 46.1905 1.35216 0.71979
 46.2159 1.34791 0.722392
 55.5073 0.939222 3.57297
 56.051 0.926593 3.69787
 70.5972 0.922976 11.5411
 75.6334 0.94674 15.4
 122.267 0.533733 6.82754
 137.869 0.702419 5.01051
 203.283 0.30358 1.75985
 205.29 0.270137 1.43957
 221.87 0.00243366 1.84475
 26.0479 2.54041 0
 37.185 1.73595 0.181833
 41.2376 1.50737 0.341738
 43.6493 1.36239 0.464198
 45.329 1.3195 0.593287
 46.8569 1.23645 0.745598
 55.2521 0.991761 3.3437
 57.8243 0.966338 4.60498
 71.7224 0.940512 13.0078
 74.883 0.984296 15.7976
 124.657 0.465095 6.10091
 148.244 0.787071 4.23048
 205.171 0.269709 1.56568
 206.013 0.251955 1.46498
 216.753 0.0337551 1.17355
 24.8908 2.59432 0
 37.6524 1.75805 0.220862
 41.2913 1.40629 0.351046
 44.1645 1.33139 0.503035
 44.9993 1.31055 0.558556
 46.9924 1.20186 0.776417
 55.0727 1.08719 3.19904
 58.5657 0.953052 4.85755
 72.1123 0.940896 13.5434
 74.5486 0.978836 15.4422
 124.941 0.452107 6.08809
 152.723 0.993288 4.1009
 205.374 0.275264 1.6269
 208.938 0.0735566 1.18092
 212.467 0.0478918 1.12292
 21.1911 2.30285 0
 37.8198 1.69311 0.259045
 42.1838 1.35881 0.40625
 42.9777 1.26016 0.443656
 46.2605 1.23453 0.664623
 46.3865 1.23515 0.677073
 57.3329 0.995271 4.4289
 57.6216 0.989499 4.63602
 72.9219 0.955225 14.9517
 74.0954 1.01449 16.2612
 129.918 0.499707 5.25157
 155.315 1.17382 4.09462
 205.792 0.233015 1.65294
 206.947 0.19593 1.50905
 213.53 0.0441891 1.05302
 19.2205 2.21545 0
 38.049 1.65098 0.275026
 42.2135 1.29077 0.421807
 43.0312 1.2317 0.458119
 46.1371 1.20358 0.656853
 46.6963 1.21353 0.731695
 57.3457 1.02068 3.97935
 58.3061 0.970183 4.48661
 73.3415 0.969787 15.3839
 73.7342 0.980288 15.7594
 130.863 0.547062 5.21519
 159.051 2.44168 3.87597
 205.934 0.194383 1.61113
 208.872 0.0744323 1.22841
 210.525 0.054031 1.15486
 16.8157 2.19988 0
 38.2011 1.61604 0.292503
 42.5632 1.2364 0.444783
 42.5632 1.2364 0.444783
 46.5861 1.188 0.746363
 46.5861 1.188 0.746363
 58.2018 1.01063 4.06181
 58.2018 1.01063 4.06181
 73.3802 0.970984 15.5715
 73.7496 0.976796 15.9846
 132.052 0.707923 5.10759
 162.59 3.86303 3.84217
 206.626 0.153982 1.46964
 208.883 0.073527 1.17652
 208.883 0.073527 1.17652
 29.1587 2.33762 0
 29.1587 2.33762 0
 38.4693 1.64564 0.305381
 42.2051 1.51868 0.751414
 45.5973 1.40346 1.33795
 45.5973 1.40346 1.33795
 53.9464 0.946202 2.93576
 53.9464 0.946202 2.93576
 62.6247 0.857703 7.20702
 90.4119 1.11471 17.8076
 90.4119 1.11471 17.8076
 98.6267 0.865997 13.1377
 202.979 0.298232 1.48177
 202.979 0.298232 1.48177
 236.569 0 5.7121
 31.1436 2.0738 0
 32.1915 2.03062 0.000219006
 40.7269 1.63516 0.398045
 40.879 1.63082 0.41297
 44.5717 1.45922 0.849527
 45.352 1.4329 0.936547
 54.2576 0.919361 3.17431
 56.8329 0.871259 3.86225
 65.0577 0.849728 8.60508
 90.2397 1.09823 16.8917
 94.4697 0.962801 14.0335
 113.001 0.715348 12.4005
 202.372 0.315068 1.59493
 203.454 0.296399 1.43903
 232.783 0 3.16494
 33.1788 1.97427 0
 34.7636 1.80438 0.00054092
 39.9559 1.62251 0.176715
 41.8846 1.56695 0.384029
 43.3507 1.52327 0.617882
 45.9689 1.36319 0.997085
 53.556 1.00319 3.35028
 59.3877 0.87787 5.83113
 66.9078 0.872543 9.48302
 90.0215 1.08371 16.8277
 94.5203 0.932115 14.1378
 131.134 0.567076 5.36576
 203.175 0.30382 1.59801
 203.932 0.290968 1.48094
 226.686 0 2.49724
 34.7554 1.85085 0
 36.6803 1.76849 0.00148327
 39.7727 1.59292 0.111728
 41.9382 1.43693 0.357262
 42.5227 1.39704 0.452447
 46.3639 1.3032 1.08466
 53.0072 1.06972 2.68854
 61.1687 0.870795 6.90171
 67.9006 0.877056 10.2001
 89.8265 1.0643 16.9958
 94.3595 0.872012 14.4945
 144.928 0.652412 4.2445
 204.284 0.313691 1.54324
 205.79 0.270865 1.35785
 219.161 0 1.21127
 35.3381 1.96382 0
 37.3954 1.76072 0.00281851
 40.4905 1.40473 0.193495
 40.6371 1.40167 0.212144
 42.8647 1.34593 0.505655
 46.3036 1.28399 1.04863
 52.8606 1.09762 2.68125
 61.8107 0.887527 7.04004
 68.2114 0.870513 10.9736
 89.7465 1.04319 16.8911
 94.2868 0.857301 14.6562
 150.194 0.888262 3.97892
 204.414 0.326982 1.5868
 209.484 0.165622 1.15757
 213.331 0.0737822 1.13262
 32.9936 1.94559 0
 33.1532 1.92477 5.82756e-07
 39.1297 1.6942 0.105163
 41.566 1.63567 0.306125
 43.6106 1.53014 0.545586
 44.2603 1.50783 0.646847
 57.4588 0.858934 4.23779
 58.0542 0.854651 4.61651
 66.7104 0.87659 9.37967
 91.8019 0.945646 15.5306
 107.818 0.838452 12.9102
 116.714 0.717378 9.83564
 202.131 0.328128 1.71955
 203.52 0.298621 1.45961
 230.29 0 2.67016
 32.7567 1.92746 0
 34.8587 1.78746 0.00140161
 38.6326 1.69171 0.0623634
 41.5517 1.61166 0.278846
 42.5459 1.55629 0.376625
 44.5042 1.49621 0.607003
 57.4106 0.875817 4.30689
 60.5229 0.859365 6.28148
 68.3927 0.889299 10.2658
 91.5851 0.94887 15.2948
 110.598 0.779221 12.8169
 131.82 0.580458 5.35827
 202.979 0.31176 1.64793
 204.065 0.286058 1.48678
 225.603 0 2.39116
 31.8058 2.06207 0
 36.4997 1.77746 0.0539863
 39.1964 1.64244 0.134564
 41.2268 1.50239 0.295059
 41.4338 1.48886 0.319672
 44.9281 1.34118 0.700691
 56.9816 0.933284 3.91197
 62.3181 0.860489 7.38273
 69.4333 0.89662 11.1881
 91.3518 0.939014 15.5789
 110.821 0.775201 12.6271
 144.592 0.649638 4.31922
 204.194 0.294903 1.58445
 205.997 0.263769 1.3995
 219.373 0.0128527 1.27883
 31.383 2.13485 0
 37.2667 1.72418 0.0887711
 40.0549 1.47457 0.212557
 40.1107 1.47156 0.217257
 41.3374 1.41721 0.342021
 45.0383 1.31968 0.712871
 56.8132 0.971896 3.7592
 62.9529 0.872925 7.62161
 69.7763 0.89209 11.8526
 91.2569 0.89013 15.6366
 110.84 0.789022 12.7797
 149.387 0.865033 3.94091
 204.393 0.326712 1.66606
 209.111 0.191259 1.20274
 214.731 0.0574775 1.12566
 29.112 2.16209 0
 35.915 1.72279 0.0664271
 39.1175 1.6562 0.161767
 41.1906 1.56057 0.298363
 42.0688 1.536 0.364488
 43.7508 1.53589 0.546141
 60.1857 0.869317 6.05186
 60.5872 0.868193 6.22914
 70.04 0.911755 11.1991
 91.3318 0.92378 15.5674
 122.027 0.567677 6.89415
 137.635 0.652949 4.89721
 203.803 0.287702 1.6179
 204.564 0.27568 1.51622
 222.539 3.14717e-06 2.18299
 25.9768 2.52106 0
 37.0813 1.71457 0.14629
 39.6117 1.57837 0.233944
 40.7886 1.52915 0.31362
 41.4651 1.47222 0.372361
 43.6253 1.39336 0.587486
 60.0507 0.888726 5.83615
 62.293 0.871112 7.12173
 71.1326 0.927308 12.3349
 91.0663 0.92885 16.0814
 124.458 0.489739 6.04239
 147.541 0.764163 4.11042
 204.813 0.270841 1.61302
 206.379 0.250057 1.45495
 217.858 0.031437 1.16704
 24.7785 2.59744 0
 37.6743 1.67959 0.179377
 39.7143 1.46183 0.253642
 40.6508 1.42287 0.322341
 41.1093 1.41911 0.363145
 43.6542 1.37702 0.613048
 59.9137 0.908087 5.62627
 62.9497 0.883368 7.57051
 71.5032 0.930542 12.8104
 90.959 0.8788 16.0662
 124.759 0.477299 6.05645
 151.766 0.931968 4.01423
 204.977 0.279554 1.71029
 208.978 0.165422 1.19772
 214.249 0.0779144 1.16149
 21.019 2.31151 0
 37.8576 1.65541 0.213924
 39.6868 1.54171 0.27025
 40.233 1.5138 0.29616
 41.9256 1.34707 0.488095
 42.7435 1.28671 0.588937
 61.9709 0.879139 6.86838
 62.0834 0.878858 6.92881
 72.2758 0.942915 14.1541
 90.776 0.939739 16.247
 129.732 0.470793 5.18608
 154.229 1.11732 4.06597
 205.959 0.22514 1.69525
 207.253 0.191552 1.5416
 214.697 0.07672 1.14259
 18.9941 2.22789 0
 38.3067 1.55295 0.230674
 39.5859 1.43696 0.27241
 40.003 1.41354 0.299585
 41.9239 1.2973 0.534292
 42.6129 1.26743 0.611145
 61.9085 0.902693 6.7306
 62.7117 0.899224 7.36552
 72.6664 0.952955 14.801
 90.6592 0.887175 16.543
 130.702 0.496229 5.06795
 157.7 1.7451 4.07775
 206.335 0.190314 1.60639
 209.019 0.149443 1.26705
 211.911 0.119481 1.21298
 16.517 2.13767 0
 38.7572 1.40148 0.251373
 39.559 1.33931 0.279499
 39.559 1.33931 0.279499
 42.2264 1.25208 0.608792
 42.2264 1.25208 0.608792
 62.6014 0.886723 7.15162
 62.6014 0.886723 7.15162
 73.0642 0.951589 15.5349
 90.5387 0.868919 17.2035
 131.92 0.605022 5.11736
 160.94 3.20732 4.0618
 208.52 0.148685 1.33069
 209.062 0.146275 1.26885
 209.062 0.146275 1.26885
 33.6299 1.84481 0
 33.6299 1.84481 0
 36.747 1.72786 0.0067831
 42.1269 1.61491 0.227812
 42.1269 1.61491 0.227812
 42.3213 1.60235 0.244662
 60.7019 0.831464 6.25255
 60.7019 0.831464 6.25255
 67.2075 0.891123 9.33849
 107.593 0.81597 12.7121
 107.593 0.81597 12.7121
 119.951 0.715525 7.42527
 202.869 0.311759 1.5808
 202.869 0.311759 1.5808
 228.555 0 2.48035
 32.7868 1.8619 0
 33.5933 1.81818 0.000187185
 35.7865 1.71674 0.0103579
 40.9149 1.69431 0.231899
 41.0852 1.67983 0.250575
 43.1233 1.51806 0.47427
 61.132 0.84784 6.28451
 63.2998 0.839208 7.43581
 68.448 0.892157 10.2102
 107.361 0.876212 12.5525
 112.453 0.767621 12.4113
 132.734 0.607911 5.2527
 203.613 0.291415 1.56089
 203.714 0.289677 1.54753
 224.853 0 2.33752
 31.1142 2.01748 0
 33.3684 1.87876 0.0105279
 36.467 1.73777 0.109486
 40.1339 1.61752 0.282537
 40.3992 1.58631 0.302171
 43.7135 1.39653 0.589972
 60.9021 0.866516 6.27424
 64.9934 0.855693 8.45354
 69.4407 0.901708 11.3885
 107.186 0.918367 12.6066
 113.034 0.771846 12.3188
 144.61 0.65987 4.2861
 204.164 0.291601 1.61505
 206.359 0.257829 1.40676
 219.658 0.0297717 1.34218
 30.4469 2.12724 0
 33.263 2.09706 0.0299296
 36.9413 1.70303 0.156157
 39.63 1.58463 0.276857
 40.2784 1.52926 0.317157
 43.9126 1.36523 0.623441
 60.771 0.892631 5.99871
 65.583 0.865078 9.13506
 69.7895 0.897581 12.0421
 107.12 0.910121 12.3201
 113.11 0.779971 12.1002
 149.058 0.853782 3.95617
 204.366 0.33339 1.74583
 209.036 0.182883 1.25899
 215.925 0.0784987 1.15477
 29.176 2.06824 0
 33.3839 1.77788 0.0268139
 34.182 1.75446 0.0399573
 40.2604 1.65443 0.34463
 41.0506 1.61728 0.412533
 42.6302 1.51263 0.56426
 63.5934 0.853453 7.53215
 64.3042 0.853416 7.88906
 69.3932 0.905422 10.8162
 109.232 0.90537 12.2098
 121.705 0.514117 6.96349
 138.47 0.643333 4.80233
 204.38 0.271682 1.55861
 204.53 0.270112 1.54276
 222.351 0.00226199 2.23099
 25.8737 2.52801 0
 32.5045 1.87798 0.0654631
 34.1956 1.79563 0.106413
 39.7974 1.60662 0.406436
 40.9565 1.53875 0.491194
 42.7088 1.40443 0.668749
 63.7493 0.865442 7.83659
 65.7171 0.870033 8.88886
 70.3725 0.919464 11.8833
 109.185 0.911398 12.2913
 124.3 0.424305 6.17058
 147.674 0.77438 4.11818
 204.959 0.264899 1.62935
 206.86 0.234469 1.48319
 218.358 0.0698673 1.16201
 24.6108 2.61204 0
 32.0762 1.98524 0.0793205
 34.3427 1.79315 0.141026
 39.6188 1.53654 0.410983
 40.8683 1.4765 0.516651
 42.8139 1.36775 0.699882
 63.6515 0.880461 7.87842
 66.2843 0.868558 9.53365
 70.7388 0.9209 12.3605
 109.138 0.924302 12.3139
 124.663 0.413082 6.11272
 151.596 0.944425 3.9803
 205.163 0.246176 1.75963
 209.118 0.165685 1.24541
 215.391 0.102182 1.1063
 20.7828 2.38428 0
 32.4961 1.91205 0.108091
 32.686 1.89672 0.111307
 39.5752 1.54344 0.496217
 41.4536 1.4118 0.658875
 42.0685 1.381 0.692277
 65.4029 0.876068 9.059
 65.6752 0.882741 9.16735
 71.3835 0.925203 12.9211
 109.147 0.916369 12.1655
 129.481 0.455374 5.13721
 153.967 1.05592 4.01564
 206.415 0.206767 1.66618
 207.705 0.186541 1.54453
 215.507 0.105277 1.10337
 18.6807 2.21573 0
 32.0329 1.97068 0.119234
 32.6365 1.97099 0.130877
 39.4929 1.4653 0.512876
 41.4735 1.37087 0.678899
 41.9993 1.33779 0.711077
 65.4236 0.874068 9.32673
 66.1363 0.873925 9.78519
 71.7637 0.937943 13.4711
 109.097 0.918985 12.1538
 130.49 0.492429 5.09659
 157.168 1.5557 4.03773
 206.924 0.184158 1.56165
 209.272 0.149252 1.35263
 213.078 0.119563 1.11634
 16.1001 2.11972 0
 32.0418 2.05836 0.12926
 32.0418 2.05836 0.12926
 39.4394 1.43574 0.538499
 41.6975 1.32275 0.718744
 41.6975 1.32275 0.718744
 66.0239 0.883397 10.3229
 66.0239 0.883397 10.3229
 72.1478 0.946313 14.0512
 109.046 0.910789 12.0955
 131.741 0.623441 4.91348
 160.132 3.13205 3.95866
 209.347 0.144821 1.4213
 209.347 0.144821 1.4213
 210.246 0.13928 1.35205
 28.9125 2.09328 0
 29.5015 1.99771 0.0001329
 29.5015 1.99771 0.0001329
 40.5625 1.4999 0.550379
 40.5625 1.4999 0.550379
 42.0964 1.47347 0.699859
 66.1512 0.878476 8.9423
 66.1512 0.878476 8.9423
 69.3227 0.922085 10.9773
 121.389 0.46507 6.8976
 121.389 0.46507 6.8976
 143.113 0.580164 4.52582
 205.277 0.254495 1.5643
 205.277 0.254495 1.5643
 220.621 0.0547928 1.74313
 25.3213 2.57522 0
 26.4862 2.3985 0.00109457
 29.404 2.04365 0.0473951
 40.2081 1.47321 0.613231
 40.7581 1.4592 0.652954
 41.9607 1.42162 0.743517
 66.3839 0.883022 9.43458
 67.7432 0.905472 10.3137
 69.9879 0.922511 11.6823
 121.16 0.465446 7.32052
 125.395 0.416734 5.89873
 150.716 0.94467 4.02529
 205.835 0.225863 1.61654
 207.417 0.19713 1.50096
 217.472 0.0922978 1.02783
 23.8863 2.57824 0
 25.3569 2.61857 0.00327417
 29.4381 2.0838 0.0673763
 40.0721 1.45025 0.628452
 40.7657 1.39582 0.67467
 41.9861 1.37182 0.757627
 66.3146 0.871912 9.4856
 68.2843 0.90929 10.8506
 70.329 0.916956 11.8754
 121.078 0.450667 7.44692
 126.1 0.396632 5.69696
 154.181 1.05314 4.14024
 206.042 0.20707 1.72499
 209.354 0.158205 1.22521
 215.064 0.113821 1.05375
 20.5426 2.34186 0
 25.8455 2.54209 0.0173332
 25.917 2.52591 0.0180437
 40.1615 1.43052 0.689521
 40.9566 1.40275 0.740229
 41.4676 1.38982 0.776246
 67.8804 0.90705 10.561
 68.1547 0.91088 10.7557
 70.5409 0.923369 12.055
 122.76 0.422736 6.52641
 129.232 0.405344 5.13409
 156.46 1.35453 4.10681
 207.256 0.184591 1.67511
 208.196 0.17398 1.61739
 215.168 0.114848 0.961054
 18.3604 2.20104 0
 24.5582 2.55261 0.0214137
 25.8494 2.52882 0.0392224
 40.0827 1.40499 0.707488
 41.0029 1.3626 0.76689
 41.3656 1.35427 0.790449
 67.9223 0.908014 10.8198
 68.5611 0.91876 11.2159
 70.8959 0.929421 12.5803
 122.812 0.414398 6.62025
 130.314 0.470078 5.11154
 159.373 2.49363 3.99938
 207.695 0.165949 1.55067
 209.584 0.149378 1.29869
 213.162 0.126278 1.00618
 15.6721 2.07384 0
 24.5007 2.60786 0.0311733
 24.5007 2.60786 0.0311733
 40.0311 1.38819 0.728779
 41.1342 1.3258 0.802513
 41.1342 1.3258 0.802513
 68.4607 0.931954 11.3185
 68.4607 0.931954 11.3185
 71.2583 0.945958 13.1597
 122.897 0.407575 6.59507
 131.561 0.604213 5.1037
 162.101 4.06686 3.74094
 209.679 0.146034 1.19572
 209.679 0.146034 1.19572
 210.904 0.13945 1.09974
 20.0738 2.25803 0
 20.575 2.32673 2.51041e-05
 20.575 2.32673 2.51041e-05
 40.566 1.36997 0.781079
 40.566 1.36997 0.781079
 41.0296 1.35346 0.80719
 69.3771 0.91893 11.553
 69.3771 0.91893 11.553
 70.1815 0.90855 11.9725
 129.052 0.380449 5.13923
 129.052 0.380449 5.13923
 161.426 3.72533 3.84129
 208.578 0.158469 1.62711
 208.578 0.158469 1.62711
 213.559 0.123234 0.852429
 17.9272 2.08556 0
 18.3792 2.09917 1.21854e-05
 20.3459 2.30026 0.0021947
 40.4172 1.35969 0.788919
 40.6918 1.34235 0.804265
 40.8791 1.33285 0.814806
 69.4185 0.92516 11.6807
 69.8776 0.927643 12.0528
 70.4078 0.927616 12.4639
 128.986 0.372666 5.35746
 130.547 0.446639 5.24741
 164.043 4.98626 3.61614
 208.722 0.153643 1.428
 209.847 0.145674 1.21651
 211.994 0.13249 0.960996
 15.3512 1.96756 0
 18.0676 2.04099 0.000972818
 18.0676 2.04099 0.000972818
 40.4054 1.34849 0.814321
 40.6958 1.32608 0.83118
 40.6958 1.32608 0.83118
 69.9167 0.949709 12.2243
 69.9167 0.949709 12.2243
 70.627 0.939469 12.8276
 129.665 0.396431 5.49231
 131.429 0.571382 4.89598
 166.563 2.18222 3.655
 209.951 0.145236 1.17028
 209.951 0.145236 1.17028
 210.485 0.141955 1.09497
 15.232 1.883 0
 15.232 1.883 0
 15.232 1.883 1.04669e-22
 40.5297 1.31524 0.845
 40.5297 1.31524 0.845
 40.5297 1.31524 0.845
 70.4006 0.940006 12.8457
 70.4006 0.940006 12.8457
 70.4006 0.940006 12.8457
 131.381 0.440232 4.74506
 131.381 0.440232 4.74506
 169.024 2.62377 3.67864
 210.056 0.144027 0.975426
 210.056 0.144027 0.975425
 210.056 0.144027 0.975425
