   0.0000000   0.0000000   0.0000000   0.0000000   0.0000000   0.0000000   0.0000000
   2.0000000   0.0000160   0.0000160   0.0000160   0.0000320   0.0000320   0.0000320
   4.0000000   0.0001260   0.0001260   0.0001260   0.0002840   0.0002840   0.0002840
   6.0000000   0.0004250   0.0004250   0.0004250   0.0011340   0.0011340   0.0011340
   8.0000000   0.0014090   0.0014090   0.0014090   0.0039520   0.0039520   0.0039520
  10.0000000   0.0026350   0.0026350   0.0026350   0.0092220   0.0092220   0.0092220
  12.0000000   0.0033710   0.0033710   0.0033710   0.0159640   0.0159640   0.0159640
  14.0000000   0.0042180   0.0042180   0.0042180   0.0244000   0.0244000   0.0244000
  16.0000000   0.0051820   0.0051820   0.0051820   0.0347640   0.0347640   0.0347640
  18.0000000   0.0072610   0.0072610   0.0072610   0.0492860   0.0492860   0.0492860
  20.0000000   0.0083120   0.0083120   0.0083120   0.0659100   0.0659100   0.0659100
  22.0000000   0.0093170   0.0093170   0.0093170   0.0845440   0.0845440   0.0845440
  24.0000000   0.0100060   0.0100060   0.0100060   0.1045560   0.1045560   0.1045560
  26.0000000   0.0106830   0.0106830   0.0106830   0.1259220   0.1259220   0.1259220
  28.0000000   0.0108160   0.0108160   0.0108160   0.1475540   0.1475540   0.1475540
  30.0000000   0.0097540   0.0097540   0.0097540   0.1670620   0.1670620   0.1670620
  32.0000000   0.0065790   0.0065790   0.0065790   0.1802200   0.1802200   0.1802200
  34.0000000   0.0041460   0.0041460   0.0041460   0.1885120   0.1885120   0.1885120
  36.0000000   0.0031350   0.0031350   0.0031350   0.1947820   0.1947820   0.1947820
  38.0000000   0.0058450   0.0058450   0.0058450   0.2064720   0.2064720   0.2064720
  40.0000000   0.0135630   0.0135630   0.0135630   0.2335980   0.2335980   0.2335980
  42.0000000   0.0169680   0.0169680   0.0169680   0.2675340   0.2675340   0.2675340
  44.0000000   0.0243650   0.0243650   0.0243650   0.3162640   0.3162640   0.3162640
  46.0000000   0.0070290   0.0070290   0.0070290   0.3303220   0.3303220   0.3303220
  48.0000000   0.0040010   0.0040010   0.0040010   0.3383240   0.3383240   0.3383240
  50.0000000   0.0097480   0.0097480   0.0097480   0.3578200   0.3578200   0.3578200
  52.0000000   0.0103240   0.0103240   0.0103240   0.3784680   0.3784680   0.3784680
  54.0000000   0.0060160   0.0060160   0.0060160   0.3905000   0.3905000   0.3905000
  56.0000000   0.0067500   0.0067500   0.0067500   0.4040000   0.4040000   0.4040000
  58.0000000   0.0084360   0.0084360   0.0084360   0.4208720   0.4208720   0.4208720
  60.0000000   0.0117160   0.0117160   0.0117160   0.4443040   0.4443040   0.4443040
  62.0000000   0.0149200   0.0149200   0.0149200   0.4741440   0.4741440   0.4741440
  64.0000000   0.0138310   0.0138310   0.0138310   0.5018060   0.5018060   0.5018060
  66.0000000   0.0081780   0.0081780   0.0081780   0.5181620   0.5181620   0.5181620
  68.0000000   0.0077460   0.0077460   0.0077460   0.5336540   0.5336540   0.5336540
  70.0000000   0.0048350   0.0048350   0.0048350   0.5433240   0.5433240   0.5433240
  72.0000000   0.0051810   0.0051810   0.0051810   0.5536860   0.5536860   0.5536860
  74.0000000   0.0066220   0.0066220   0.0066220   0.5669300   0.5669300   0.5669300
  76.0000000   0.0059540   0.0059540   0.0059540   0.5788380   0.5788380   0.5788380
  78.0000000   0.0076540   0.0076540   0.0076540   0.5941460   0.5941460   0.5941460
  80.0000000   0.0047450   0.0047450   0.0047450   0.6036360   0.6036360   0.6036360
  82.0000000   0.0045870   0.0045870   0.0045870   0.6128100   0.6128100   0.6128100
  84.0000000   0.0043360   0.0043360   0.0043360   0.6214820   0.6214820   0.6214820
  86.0000000   0.0040230   0.0040230   0.0040230   0.6295280   0.6295280   0.6295280
  88.0000000   0.0032120   0.0032120   0.0032120   0.6359520   0.6359520   0.6359520
  90.0000000   0.0030710   0.0030710   0.0030710   0.6420940   0.6420940   0.6420940
  92.0000000   0.0030260   0.0030260   0.0030260   0.6481460   0.6481460   0.6481460
  94.0000000   0.0029580   0.0029580   0.0029580   0.6540620   0.6540620   0.6540620
  96.0000000   0.0028460   0.0028460   0.0028460   0.6597540   0.6597540   0.6597540
  98.0000000   0.0025840   0.0025840   0.0025840   0.6649221   0.6649221   0.6649221
 100.0000000   0.0029070   0.0029070   0.0029070   0.6707360   0.6707360   0.6707360
 102.0000000   0.0026480   0.0026480   0.0026480   0.6760320   0.6760320   0.6760320
 104.0000000   0.0025390   0.0025390   0.0025390   0.6811100   0.6811100   0.6811100
 106.0000000   0.0025820   0.0025820   0.0025820   0.6862741   0.6862741   0.6862741
 108.0000000   0.0025740   0.0025740   0.0025740   0.6914220   0.6914220   0.6914220
 110.0000000   0.0028270   0.0028270   0.0028270   0.6970760   0.6970760   0.6970760
 112.0000000   0.0023430   0.0023430   0.0023430   0.7017620   0.7017620   0.7017620
 114.0000000   0.0013750   0.0013750   0.0013750   0.7045119   0.7045119   0.7045119
 116.0000000   0.0007880   0.0007880   0.0007880   0.7060879   0.7060879   0.7060879
 118.0000000   0.0001940   0.0001940   0.0001940   0.7064760   0.7064760   0.7064760
 120.0000000   0.0008130   0.0008130   0.0008130   0.7081020   0.7081020   0.7081020
 122.0000000   0.0014350   0.0014350   0.0014350   0.7109720   0.7109720   0.7109720
 124.0000000   0.0012540   0.0012540   0.0012540   0.7134799   0.7134799   0.7134799
 126.0000000   0.0013800   0.0013800   0.0013800   0.7162400   0.7162400   0.7162400
 128.0000000   0.0014920   0.0014920   0.0014920   0.7192240   0.7192240   0.7192240
 130.0000000   0.0016040   0.0016040   0.0016040   0.7224320   0.7224320   0.7224320
 132.0000000   0.0016720   0.0016720   0.0016720   0.7257760   0.7257760   0.7257760
 134.0000000   0.0017460   0.0017460   0.0017460   0.7292680   0.7292680   0.7292680
 136.0000000   0.0018570   0.0018570   0.0018570   0.7329820   0.7329820   0.7329820
 138.0000000   0.0019020   0.0019020   0.0019020   0.7367860   0.7367860   0.7367860
 140.0000000   0.0018580   0.0018580   0.0018580   0.7405020   0.7405020   0.7405020
 142.0000000   0.0018810   0.0018810   0.0018810   0.7442640   0.7442640   0.7442640
 144.0000000   0.0018670   0.0018670   0.0018670   0.7479980   0.7479980   0.7479980
 146.0000000   0.0015870   0.0015870   0.0015870   0.7511720   0.7511720   0.7511720
 148.0000000   0.0015340   0.0015340   0.0015340   0.7542400   0.7542400   0.7542400
 150.0000000   0.0014710   0.0014710   0.0014710   0.7571820   0.7571820   0.7571820
 152.0000000   0.0017790   0.0017790   0.0017790   0.7607400   0.7607400   0.7607400
 154.0000000   0.0013420   0.0013420   0.0013420   0.7634240   0.7634240   0.7634240
 156.0000000   0.0003990   0.0003990   0.0003990   0.7642220   0.7642220   0.7642220
 158.0000000   0.0000000   0.0000000   0.0000000   0.7642220   0.7642220   0.7642220
 160.0000000   0.0000030   0.0000030   0.0000030   0.7642280   0.7642280   0.7642280
 162.0000000   0.0000120   0.0000120   0.0000120   0.7642519   0.7642519   0.7642519
 164.0000000   0.0000260   0.0000260   0.0000260   0.7643040   0.7643040   0.7643040
 166.0000000   0.0000580   0.0000580   0.0000580   0.7644200   0.7644200   0.7644200
 168.0000000   0.0001160   0.0001160   0.0001160   0.7646520   0.7646520   0.7646520
 170.0000000   0.0001660   0.0001660   0.0001660   0.7649840   0.7649840   0.7649840
 172.0000000   0.0002690   0.0002690   0.0002690   0.7655219   0.7655219   0.7655219
 174.0000000   0.0004280   0.0004280   0.0004280   0.7663780   0.7663780   0.7663780
 176.0000000   0.0006490   0.0006490   0.0006490   0.7676761   0.7676761   0.7676761
 178.0000000   0.0007000   0.0007000   0.0007000   0.7690760   0.7690760   0.7690760
 180.0000000   0.0006640   0.0006640   0.0006640   0.7704040   0.7704040   0.7704040
 182.0000000   0.0006730   0.0006730   0.0006730   0.7717500   0.7717500   0.7717500
 184.0000000   0.0005270   0.0005270   0.0005270   0.7728040   0.7728040   0.7728040
 186.0000000   0.0000630   0.0000630   0.0000630   0.7729300   0.7729300   0.7729300
 188.0000000   0.0000000   0.0000000   0.0000000   0.7729300   0.7729300   0.7729300
 190.0000000   0.0000000   0.0000000   0.0000000   0.7729300   0.7729300   0.7729300
 192.0000000   0.0000000   0.0000000   0.0000000   0.7729300   0.7729300   0.7729300
 194.0000000   0.0000000   0.0000000   0.0000000   0.7729300   0.7729300   0.7729300
 196.0000000   0.0000000   0.0000000   0.0000000   0.7729300   0.7729300   0.7729300
 198.0000000   0.0000000   0.0000000   0.0000000   0.7729300   0.7729300   0.7729300
 200.0000000   0.0000000   0.0000000   0.0000000   0.7729300   0.7729300   0.7729300
 202.0000000   0.0000000   0.0000000   0.0000000   0.7729300   0.7729300   0.7729300
 204.0000000   0.0000000   0.0000000   0.0000000   0.7729300   0.7729300   0.7729300
 206.0000000   0.0000000   0.0000000   0.0000000   0.7729300   0.7729300   0.7729300
 208.0000000   0.0000000   0.0000000   0.0000000   0.7729300   0.7729300   0.7729300
 210.0000000   0.0000000   0.0000000   0.0000000   0.7729300   0.7729300   0.7729300
 212.0000000   0.0000000   0.0000000   0.0000000   0.7729300   0.7729300   0.7729300
 214.0000000   0.0000000   0.0000000   0.0000000   0.7729300   0.7729300   0.7729300
 216.0000000   0.0000000   0.0000000   0.0000000   0.7729300   0.7729300   0.7729300
 218.0000000   0.0000000   0.0000000   0.0000000   0.7729300   0.7729300   0.7729300
 220.0000000   0.0000000   0.0000000   0.0000000   0.7729300   0.7729300   0.7729300
 222.0000000   0.0000000   0.0000000   0.0000000   0.7729300   0.7729300   0.7729300
 224.0000000   0.0000000   0.0000000   0.0000000   0.7729300   0.7729300   0.7729300
 226.0000000   0.0000000   0.0000000   0.0000000   0.7729300   0.7729300   0.7729300
 228.0000000   0.0000000   0.0000000   0.0000000   0.7729300   0.7729300   0.7729300
 230.0000000   0.0000000   0.0000000   0.0000000   0.7729300   0.7729300   0.7729300
 232.0000000   0.0000000   0.0000000   0.0000000   0.7729300   0.7729300   0.7729300
 234.0000000   0.0000000   0.0000000   0.0000000   0.7729300   0.7729300   0.7729300
 236.0000000   0.0000000   0.0000000   0.0000000   0.7729300   0.7729300   0.7729300
 238.0000000   0.0000000   0.0000000   0.0000000   0.7729300   0.7729300   0.7729300
 240.0000000   0.0000000   0.0000000   0.0000000   0.7729300   0.7729300   0.7729300
 242.0000000   0.0000000   0.0000000   0.0000000   0.7729300   0.7729300   0.7729300
 244.0000000   0.0000000   0.0000000   0.0000000   0.7729300   0.7729300   0.7729300
 246.0000000   0.0000000   0.0000000   0.0000000   0.7729300   0.7729300   0.7729300
 248.0000000   0.0000000   0.0000000   0.0000000   0.7729300   0.7729300   0.7729300
 250.0000000   0.0000000   0.0000000   0.0000000   0.7729300   0.7729300   0.7729300
 252.0000000   0.0000000   0.0000000   0.0000000   0.7729300   0.7729300   0.7729300
 254.0000000   0.0000000   0.0000000   0.0000000   0.7729300   0.7729300   0.7729300
 256.0000000   0.0000000   0.0000000   0.0000000   0.7729300   0.7729300   0.7729300
 258.0000000   0.0000000   0.0000000   0.0000000   0.7729300   0.7729300   0.7729300
 260.0000000   0.0000000   0.0000000   0.0000000   0.7729300   0.7729300   0.7729300
 262.0000000   0.0000000   0.0000000   0.0000000   0.7729300   0.7729300   0.7729300
 264.0000000   0.0000000   0.0000000   0.0000000   0.7729300   0.7729300   0.7729300
 266.0000000   0.0000000   0.0000000   0.0000000   0.7729300   0.7729300   0.7729300
 268.0000000   0.0000000   0.0000000   0.0000000   0.7729300   0.7729300   0.7729300
 270.0000000   0.0000000   0.0000000   0.0000000   0.7729300   0.7729300   0.7729300
 272.0000000   0.0000000   0.0000000   0.0000000   0.7729300   0.7729300   0.7729300
 274.0000000   0.0000000   0.0000000   0.0000000   0.7729300   0.7729300   0.7729300
 276.0000000   0.0000000   0.0000000   0.0000000   0.7729300   0.7729300   0.7729300
 278.0000000   0.0000000   0.0000000   0.0000000   0.7729300   0.7729300   0.7729300
 280.0000000   0.0000000   0.0000000   0.0000000   0.7729300   0.7729300   0.7729300
 282.0000000   0.0000000   0.0000000   0.0000000   0.7729300   0.7729300   0.7729300
 284.0000000   0.0000000   0.0000000   0.0000000   0.7729300   0.7729300   0.7729300
 286.0000000   0.0000000   0.0000000   0.0000000   0.7729300   0.7729300   0.7729300
 288.0000000   0.0000000   0.0000000   0.0000000   0.7729300   0.7729300   0.7729300
 290.0000000   0.0000000   0.0000000   0.0000000   0.7729300   0.7729300   0.7729300
 292.0000000   0.0000000   0.0000000   0.0000000   0.7729300   0.7729300   0.7729300
 294.0000000   0.0000000   0.0000000   0.0000000   0.7729300   0.7729300   0.7729300
 296.0000000   0.0000000   0.0000000   0.0000000   0.7729300   0.7729300   0.7729300
 298.0000000   0.0000000   0.0000000   0.0000000   0.7729300   0.7729300   0.7729300
 300.0000000   0.0000000   0.0000000   0.0000000   0.7729300   0.7729300   0.7729300
 302.0000000   0.0000000   0.0000000   0.0000000   0.7729300   0.7729300   0.7729300
 304.0000000   0.0000000   0.0000000   0.0000000   0.7729300   0.7729300   0.7729300
 306.0000000   0.0000000   0.0000000   0.0000000   0.7729300   0.7729300   0.7729300
 308.0000000   0.0000000   0.0000000   0.0000000   0.7729300   0.7729300   0.7729300
 310.0000000   0.0000000   0.0000000   0.0000000   0.7729300   0.7729300   0.7729300
 312.0000000   0.0000000   0.0000000   0.0000000   0.7729300   0.7729300   0.7729300
 314.0000000   0.0000000   0.0000000   0.0000000   0.7729300   0.7729300   0.7729300
 316.0000000   0.0000000   0.0000000   0.0000000   0.7729300   0.7729300   0.7729300
 318.0000000   0.0000000   0.0000000   0.0000000   0.7729300   0.7729300   0.7729300
 320.0000000   0.0000000   0.0000000   0.0000000   0.7729300   0.7729300   0.7729300
 322.0000000   0.0000000   0.0000000   0.0000000   0.7729300   0.7729300   0.7729300
 324.0000000   0.0000000   0.0000000   0.0000000   0.7729300   0.7729300   0.7729300
 326.0000000   0.0000000   0.0000000   0.0000000   0.7729300   0.7729300   0.7729300
 328.0000000   0.0000000   0.0000000   0.0000000   0.7729300   0.7729300   0.7729300
 330.0000000   0.0000000   0.0000000   0.0000000   0.7729300   0.7729300   0.7729300
 332.0000000   0.0000000   0.0000000   0.0000000   0.7729300   0.7729300   0.7729300
 334.0000000   0.0000000   0.0000000   0.0000000   0.7729300   0.7729300   0.7729300
 336.0000000   0.0000000   0.0000000   0.0000000   0.7729300   0.7729300   0.7729300
 338.0000000   0.0000000   0.0000000   0.0000000   0.7729300   0.7729300   0.7729300
 340.0000000   0.0000000   0.0000000   0.0000000   0.7729300   0.7729300   0.7729300
 342.0000000   0.0000000   0.0000000   0.0000000   0.7729300   0.7729300   0.7729300
 344.0000000   0.0000000   0.0000000   0.0000000   0.7729300   0.7729300   0.7729300
 346.0000000   0.0000000   0.0000000   0.0000000   0.7729300   0.7729300   0.7729300
 348.0000000   0.0000000   0.0000000   0.0000000   0.7729300   0.7729300   0.7729300
 350.0000000   0.0000000   0.0000000   0.0000000   0.7729300   0.7729300   0.7729300
 352.0000000   0.0000000   0.0000000   0.0000000   0.7729300   0.7729300   0.7729300
 354.0000000   0.0000000   0.0000000   0.0000000   0.7729300   0.7729300   0.7729300
 356.0000000   0.0000000   0.0000000   0.0000000   0.7729300   0.7729300   0.7729300
 358.0000000   0.0000000   0.0000000   0.0000000   0.7729300   0.7729300   0.7729300
 360.0000000   0.0000000   0.0000000   0.0000000   0.7729300   0.7729300   0.7729300
 362.0000000   0.0000000   0.0000000   0.0000000   0.7729300   0.7729300   0.7729300
 364.0000000   0.0000000   0.0000000   0.0000000   0.7729300   0.7729300   0.7729300
 366.0000000   0.0000000   0.0000000   0.0000000   0.7729300   0.7729300   0.7729300
 368.0000000   0.0000000   0.0000000   0.0000000   0.7729300   0.7729300   0.7729300
 370.0000000   0.0000000   0.0000000   0.0000000   0.7729300   0.7729300   0.7729300
 372.0000000   0.0000000   0.0000000   0.0000000   0.7729300   0.7729300   0.7729300
 374.0000000   0.0000000   0.0000000   0.0000000   0.7729300   0.7729300   0.7729300
 376.0000000   0.0000000   0.0000000   0.0000000   0.7729300   0.7729300   0.7729300
 378.0000000   0.0000000   0.0000000   0.0000000   0.7729300   0.7729300   0.7729300
 380.0000000   0.0000000   0.0000000   0.0000000   0.7729300   0.7729300   0.7729300
 382.0000000   0.0000000   0.0000000   0.0000000   0.7729300   0.7729300   0.7729300
 384.0000000   0.0000000   0.0000000   0.0000000   0.7729300   0.7729300   0.7729300
 386.0000000   0.0000000   0.0000000   0.0000000   0.7729300   0.7729300   0.7729300
 388.0000000   0.0000000   0.0000000   0.0000000   0.7729300   0.7729300   0.7729300
 390.0000000   0.0000000   0.0000000   0.0000000   0.7729300   0.7729300   0.7729300
 392.0000000   0.0000000   0.0000000   0.0000000   0.7729300   0.7729300   0.7729300
 394.0000000   0.0000000   0.0000000   0.0000000   0.7729300   0.7729300   0.7729300
 396.0000000   0.0000000   0.0000000   0.0000000   0.7729300   0.7729300   0.7729300
 398.0000000   0.0000000   0.0000000   0.0000000   0.7729300   0.7729300   0.7729300
 400.0000000   0.0000000   0.0000000   0.0000000   0.7729300   0.7729300   0.7729300
 402.0000000   0.0000000   0.0000000   0.0000000   0.7729300   0.7729300   0.7729300
 404.0000000   0.0000000   0.0000000   0.0000000   0.7729300   0.7729300   0.7729300
 406.0000000   0.0000000   0.0000000   0.0000000   0.7729300   0.7729300   0.7729300
 408.0000000   0.0000000   0.0000000   0.0000000   0.7729300   0.7729300   0.7729300
 410.0000000   0.0000000   0.0000000   0.0000000   0.7729300   0.7729300   0.7729300
 412.0000000   0.0000000   0.0000000   0.0000000   0.7729300   0.7729300   0.7729300
 414.0000000   0.0000000   0.0000000   0.0000000   0.7729300   0.7729300   0.7729300
 416.0000000   0.0000000   0.0000000   0.0000000   0.7729300   0.7729300   0.7729300
 418.0000000   0.0000000   0.0000000   0.0000000   0.7729300   0.7729300   0.7729300
 420.0000000   0.0000000   0.0000000   0.0000000   0.7729300   0.7729300   0.7729300
 422.0000000   0.0000000   0.0000000   0.0000000   0.7729300   0.7729300   0.7729300
 424.0000000   0.0000000   0.0000000   0.0000000   0.7729300   0.7729300   0.7729300
 426.0000000   0.0000000   0.0000000   0.0000000   0.7729300   0.7729300   0.7729300
 428.0000000   0.0000000   0.0000000   0.0000000   0.7729300   0.7729300   0.7729300
 430.0000000   0.0000000   0.0000000   0.0000000   0.7729300   0.7729300   0.7729300
 432.0000000   0.0000000   0.0000000   0.0000000   0.7729300   0.7729300   0.7729300
 434.0000000   0.0000000   0.0000000   0.0000000   0.7729300   0.7729300   0.7729300
 436.0000000   0.0000000   0.0000000   0.0000000   0.7729300   0.7729300   0.7729300
 438.0000000   0.0000000   0.0000000   0.0000000   0.7729300   0.7729300   0.7729300
 440.0000000   0.0000000   0.0000000   0.0000000   0.7729300   0.7729300   0.7729300
 442.0000000   0.0000000   0.0000000   0.0000000   0.7729300   0.7729300   0.7729300
 444.0000000   0.0000000   0.0000000   0.0000000   0.7729300   0.7729300   0.7729300
 446.0000000   0.0000000   0.0000000   0.0000000   0.7729300   0.7729300   0.7729300
 448.0000000   0.0000000   0.0000000   0.0000000   0.7729300   0.7729300   0.7729300
 450.0000000   0.0000000   0.0000000   0.0000000   0.7729300   0.7729300   0.7729300
 452.0000000   0.0000000   0.0000000   0.0000000   0.7729300   0.7729300   0.7729300
 454.0000000   0.0000000   0.0000000   0.0000000   0.7729300   0.7729300   0.7729300
 456.0000000   0.0000000   0.0000000   0.0000000   0.7729300   0.7729300   0.7729300
 458.0000000   0.0000000   0.0000000   0.0000000   0.7729300   0.7729300   0.7729300
 460.0000000   0.0000000   0.0000000   0.0000000   0.7729300   0.7729300   0.7729300
 462.0000000   0.0000000   0.0000000   0.0000000   0.7729300   0.7729300   0.7729300
 464.0000000   0.0000000   0.0000000   0.0000000   0.7729300   0.7729300   0.7729300
 466.0000000   0.0000000   0.0000000   0.0000000   0.7729300   0.7729300   0.7729300
 468.0000000   0.0000000   0.0000000   0.0000000   0.7729300   0.7729300   0.7729300
 470.0000000   0.0000000   0.0000000   0.0000000   0.7729300   0.7729300   0.7729300
 472.0000000   0.0000000   0.0000000   0.0000000   0.7729300   0.7729300   0.7729300
 474.0000000   0.0000000   0.0000000   0.0000000   0.7729300   0.7729300   0.7729300
 476.0000000   0.0000000   0.0000000   0.0000000   0.7729300   0.7729300   0.7729300
 478.0000000   0.0000000   0.0000000   0.0000000   0.7729300   0.7729300   0.7729300
 480.0000000   0.0000000   0.0000000   0.0000000   0.7729300   0.7729300   0.7729300
 482.0000000   0.0000000   0.0000000   0.0000000   0.7729300   0.7729300   0.7729300
 484.0000000   0.0000000   0.0000000   0.0000000   0.7729300   0.7729300   0.7729300
 486.0000000   0.0000000   0.0000000   0.0000000   0.7729300   0.7729300   0.7729300
 488.0000000   0.0000000   0.0000000   0.0000000   0.7729300   0.7729300   0.7729300
 490.0000000   0.0000000   0.0000000   0.0000000   0.7729300   0.7729300   0.7729300
 492.0000000   0.0000000   0.0000000   0.0000000   0.7729300   0.7729300   0.7729300
 494.0000000   0.0000000   0.0000000   0.0000000   0.7729300   0.7729300   0.7729300
 496.0000000   0.0000000   0.0000000   0.0000000   0.7729300   0.7729300   0.7729300
 498.0000000   0.0000000   0.0000000   0.0000000   0.7729300   0.7729300   0.7729300
 500.0000000   0.0000000   0.0000000   0.0000000   0.7729300   0.7729300   0.7729300
 502.0000000   0.0000000   0.0000000   0.0000000   0.7729300   0.7729300   0.7729300
 504.0000000   0.0000000   0.0000000   0.0000000   0.7729300   0.7729300   0.7729300
 506.0000000   0.0000000   0.0000000   0.0000000   0.7729300   0.7729300   0.7729300
 508.0000000   0.0000000   0.0000000   0.0000000   0.7729300   0.7729300   0.7729300
 510.0000000   0.0000000   0.0000000   0.0000000   0.7729300   0.7729300   0.7729300
 512.0000000   0.0000000   0.0000000   0.0000000   0.7729300   0.7729300   0.7729300
 514.0000000   0.0000000   0.0000000   0.0000000   0.7729300   0.7729300   0.7729300
 516.0000000   0.0000000   0.0000000   0.0000000   0.7729300   0.7729300   0.7729300
 518.0000000   0.0000000   0.0000000   0.0000000   0.7729300   0.7729300   0.7729300
 520.0000000   0.0000000   0.0000000   0.0000000   0.7729300   0.7729300   0.7729300
 522.0000000   0.0000000   0.0000000   0.0000000   0.7729300   0.7729300   0.7729300
 524.0000000   0.0000000   0.0000000   0.0000000   0.7729300   0.7729300   0.7729300
 526.0000000   0.0000000   0.0000000   0.0000000   0.7729300   0.7729300   0.7729300
 528.0000000   0.0000000   0.0000000   0.0000000   0.7729300   0.7729300   0.7729300
 530.0000000   0.0000000   0.0000000   0.0000000   0.7729300   0.7729300   0.7729300
 532.0000000   0.0000000   0.0000000   0.0000000   0.7729300   0.7729300   0.7729300
 534.0000000   0.0000000   0.0000000   0.0000000   0.7729300   0.7729300   0.7729300
 536.0000000   0.0000000   0.0000000   0.0000000   0.7729300   0.7729300   0.7729300
 538.0000000   0.0000000   0.0000000   0.0000000   0.7729300   0.7729300   0.7729300
 540.0000000   0.0000000   0.0000000   0.0000000   0.7729300   0.7729300   0.7729300
 542.0000000   0.0000000   0.0000000   0.0000000   0.7729300   0.7729300   0.7729300
 544.0000000   0.0000000   0.0000000   0.0000000   0.7729300   0.7729300   0.7729300
 546.0000000   0.0000000   0.0000000   0.0000000   0.7729300   0.7729300   0.7729300
 548.0000000   0.0000000   0.0000000   0.0000000   0.7729300   0.7729300   0.7729300
 550.0000000   0.0000000   0.0000000   0.0000000   0.7729300   0.7729300   0.7729300
 552.0000000   0.0000000   0.0000000   0.0000000   0.7729300   0.7729300   0.7729300
 554.0000000   0.0000000   0.0000000   0.0000000   0.7729300   0.7729300   0.7729300
 556.0000000   0.0000000   0.0000000   0.0000000   0.7729300   0.7729300   0.7729300
 558.0000000   0.0000000   0.0000000   0.0000000   0.7729300   0.7729300   0.7729300
 560.0000000   0.0000000   0.0000000   0.0000000   0.7729300   0.7729300   0.7729300
 562.0000000   0.0000000   0.0000000   0.0000000   0.7729300   0.7729300   0.7729300
 564.0000000   0.0000000   0.0000000   0.0000000   0.7729300   0.7729300   0.7729300
 566.0000000   0.0000000   0.0000000   0.0000000   0.7729300   0.7729300   0.7729300
 568.0000000   0.0000000   0.0000000   0.0000000   0.7729300   0.7729300   0.7729300
 570.0000000   0.0000000   0.0000000   0.0000000   0.7729300   0.7729300   0.7729300
 572.0000000   0.0000000   0.0000000   0.0000000   0.7729300   0.7729300   0.7729300
 574.0000000   0.0000000   0.0000000   0.0000000   0.7729300   0.7729300   0.7729300
 576.0000000   0.0000000   0.0000000   0.0000000   0.7729300   0.7729300   0.7729300
 578.0000000   0.0000000   0.0000000   0.0000000   0.7729300   0.7729300   0.7729300
 580.0000000   0.0000000   0.0000000   0.0000000   0.7729300   0.7729300   0.7729300
 582.0000000   0.0000000   0.0000000   0.0000000   0.7729300   0.7729300   0.7729300
 584.0000000   0.0000000   0.0000000   0.0000000   0.7729300   0.7729300   0.7729300
 586.0000000   0.0000000   0.0000000   0.0000000   0.7729300   0.7729300   0.7729300
 588.0000000   0.0000000   0.0000000   0.0000000   0.7729300   0.7729300   0.7729300
 590.0000000   0.0000000   0.0000000   0.0000000   0.7729300   0.7729300   0.7729300
 592.0000000   0.0000000   0.0000000   0.0000000   0.7729300   0.7729300   0.7729300
 594.0000000   0.0000000   0.0000000   0.0000000   0.7729300   0.7729300   0.7729300
 596.0000000   0.0000000   0.0000000   0.0000000   0.7729300   0.7729300   0.7729300
 598.0000000   0.0000000   0.0000000   0.0000000   0.7729300   0.7729300   0.7729300
 600.0000000   0.0000000   0.0000000   0.0000000   0.7729300   0.7729300   0.7729300
 602.0000000   0.0000000   0.0000000   0.0000000   0.7729300   0.7729300   0.7729300
 604.0000000   0.0000000   0.0000000   0.0000000   0.7729300   0.7729300   0.7729300
 606.0000000   0.0000000   0.0000000   0.0000000   0.7729300   0.7729300   0.7729300
 608.0000000   0.0000000   0.0000000   0.0000000   0.7729300   0.7729300   0.7729300
 610.0000000   0.0000000   0.0000000   0.0000000   0.7729300   0.7729300   0.7729300
 612.0000000   0.0000000   0.0000000   0.0000000   0.7729300   0.7729300   0.7729300
 614.0000000   0.0000000   0.0000000   0.0000000   0.7729300   0.7729300   0.7729300
 616.0000000   0.0000000   0.0000000   0.0000000   0.7729300   0.7729300   0.7729300
 618.0000000   0.0000000   0.0000000   0.0000000   0.7729300   0.7729300   0.7729300
 620.0000000   0.0000000   0.0000000   0.0000000   0.7729300   0.7729300   0.7729300
 622.0000000   0.0000000   0.0000000   0.0000000   0.7729300   0.7729300   0.7729300
 624.0000000   0.0000000   0.0000000   0.0000000   0.7729300   0.7729300   0.7729300
 626.0000000   0.0000000   0.0000000   0.0000000   0.7729300   0.7729300   0.7729300
 628.0000000   0.0000000   0.0000000   0.0000000   0.7729300   0.7729300   0.7729300
 630.0000000   0.0000000   0.0000000   0.0000000   0.7729300   0.7729300   0.7729300
 632.0000000   0.0000000   0.0000000   0.0000000   0.7729300   0.7729300   0.7729300
 634.0000000   0.0000000   0.0000000   0.0000000   0.7729300   0.7729300   0.7729300
 636.0000000   0.0000000   0.0000000   0.0000000   0.7729300   0.7729300   0.7729300
 638.0000000   0.0000000   0.0000000   0.0000000   0.7729300   0.7729300   0.7729300
 640.0000000   0.0000000   0.0000000   0.0000000   0.7729300   0.7729300   0.7729300
 642.0000000   0.0000000   0.0000000   0.0000000   0.7729300   0.7729300   0.7729300
 644.0000000   0.0000000   0.0000000   0.0000000   0.7729300   0.7729300   0.7729300
 646.0000000   0.0000000   0.0000000   0.0000000   0.7729300   0.7729300   0.7729300
 648.0000000   0.0000000   0.0000000   0.0000000   0.7729300   0.7729300   0.7729300
 650.0000000   0.0000000   0.0000000   0.0000000   0.7729300   0.7729300   0.7729300
 652.0000000   0.0000000   0.0000000   0.0000000   0.7729300   0.7729300   0.7729300
 654.0000000   0.0000000   0.0000000   0.0000000   0.7729300   0.7729300   0.7729300
 656.0000000   0.0000000   0.0000000   0.0000000   0.7729300   0.7729300   0.7729300
 658.0000000   0.0000000   0.0000000   0.0000000   0.7729300   0.7729300   0.7729300
 660.0000000   0.0000000   0.0000000   0.0000000   0.7729300   0.7729300   0.7729300
 662.0000000   0.0000000   0.0000000   0.0000000   0.7729300   0.7729300   0.7729300
 664.0000000   0.0000000   0.0000000   0.0000000   0.7729300   0.7729300   0.7729300
 666.0000000   0.0000000   0.0000000   0.0000000   0.7729300   0.7729300   0.7729300
 668.0000000   0.0000000   0.0000000   0.0000000   0.7729300   0.7729300   0.7729300
 670.0000000   0.0000000   0.0000000   0.0000000   0.7729300   0.7729300   0.7729300
 672.0000000   0.0000000   0.0000000   0.0000000   0.7729300   0.7729300   0.7729300
 674.0000000   0.0000000   0.0000000   0.0000000   0.7729300   0.7729300   0.7729300
 676.0000000   0.0000000   0.0000000   0.0000000   0.7729300   0.7729300   0.7729300
 678.0000000   0.0000000   0.0000000   0.0000000   0.7729300   0.7729300   0.7729300
 680.0000000   0.0000000   0.0000000   0.0000000   0.7729300   0.7729300   0.7729300
 682.0000000   0.0000000   0.0000000   0.0000000   0.7729300   0.7729300   0.7729300
 684.0000000   0.0000000   0.0000000   0.0000000   0.7729300   0.7729300   0.7729300
 686.0000000   0.0000000   0.0000000   0.0000000   0.7729300   0.7729300   0.7729300
 688.0000000   0.0000000   0.0000000   0.0000000   0.7729300   0.7729300   0.7729300
 690.0000000   0.0000000   0.0000000   0.0000000   0.7729300   0.7729300   0.7729300
 692.0000000   0.0000000   0.0000000   0.0000000   0.7729300   0.7729300   0.7729300
 694.0000000   0.0000000   0.0000000   0.0000000   0.7729300   0.7729300   0.7729300
 696.0000000   0.0000000   0.0000000   0.0000000   0.7729300   0.7729300   0.7729300
 698.0000000   0.0000000   0.0000000   0.0000000   0.7729300   0.7729300   0.7729300
 700.0000000   0.0000000   0.0000000   0.0000000   0.7729300   0.7729300   0.7729300
 702.0000000   0.0000000   0.0000000   0.0000000   0.7729300   0.7729300   0.7729300
 704.0000000   0.0000000   0.0000000   0.0000000   0.7729300   0.7729300   0.7729300
 706.0000000   0.0000000   0.0000000   0.0000000   0.7729300   0.7729300   0.7729300
 708.0000000   0.0000000   0.0000000   0.0000000   0.7729300   0.7729300   0.7729300
 710.0000000   0.0000000   0.0000000   0.0000000   0.7729300   0.7729300   0.7729300
 712.0000000   0.0000000   0.0000000   0.0000000   0.7729300   0.7729300   0.7729300
 714.0000000   0.0000000   0.0000000   0.0000000   0.7729300   0.7729300   0.7729300
 716.0000000   0.0000000   0.0000000   0.0000000   0.7729300   0.7729300   0.7729300
 718.0000000   0.0000000   0.0000000   0.0000000   0.7729300   0.7729300   0.7729300
 720.0000000   0.0000000   0.0000000   0.0000000   0.7729300   0.7729300   0.7729300
 722.0000000   0.0000000   0.0000000   0.0000000   0.7729300   0.7729300   0.7729300
 724.0000000   0.0000000   0.0000000   0.0000000   0.7729300   0.7729300   0.7729300
 726.0000000   0.0000000   0.0000000   0.0000000   0.7729300   0.7729300   0.7729300
 728.0000000   0.0000000   0.0000000   0.0000000   0.7729300   0.7729300   0.7729300
 730.0000000   0.0000000   0.0000000   0.0000000   0.7729300   0.7729300   0.7729300
 732.0000000   0.0000000   0.0000000   0.0000000   0.7729300   0.7729300   0.7729300
 734.0000000   0.0000000   0.0000000   0.0000000   0.7729300   0.7729300   0.7729300
 736.0000000   0.0000000   0.0000000   0.0000000   0.7729300   0.7729300   0.7729300
 738.0000000   0.0000000   0.0000000   0.0000000   0.7729300   0.7729300   0.7729300
 740.0000000   0.0000000   0.0000000   0.0000000   0.7729300   0.7729300   0.7729300
 742.0000000   0.0000000   0.0000000   0.0000000   0.7729300   0.7729300   0.7729300
 744.0000000   0.0000000   0.0000000   0.0000000   0.7729300   0.7729300   0.7729300
 746.0000000   0.0000000   0.0000000   0.0000000   0.7729300   0.7729300   0.7729300
 748.0000000   0.0000000   0.0000000   0.0000000   0.7729300   0.7729300   0.7729300
 750.0000000   0.0000000   0.0000000   0.0000000   0.7729300   0.7729300   0.7729300
 752.0000000   0.0000000   0.0000000   0.0000000   0.7729300   0.7729300   0.7729300
 754.0000000   0.0000000   0.0000000   0.0000000   0.7729300   0.7729300   0.7729300
 756.0000000   0.0000000   0.0000000   0.0000000   0.7729300   0.7729300   0.7729300
 758.0000000   0.0000000   0.0000000   0.0000000   0.7729300   0.7729300   0.7729300
 760.0000000   0.0000000   0.0000000   0.0000000   0.7729300   0.7729300   0.7729300
 762.0000000   0.0000000   0.0000000   0.0000000   0.7729300   0.7729300   0.7729300
 764.0000000   0.0000000   0.0000000   0.0000000   0.7729300   0.7729300   0.7729300
 766.0000000   0.0000000   0.0000000   0.0000000   0.7729300   0.7729300   0.7729300
 768.0000000   0.0000000   0.0000000   0.0000000   0.7729300   0.7729300   0.7729300
 770.0000000   0.0000000   0.0000000   0.0000000   0.7729300   0.7729300   0.7729300
 772.0000000   0.0000000   0.0000000   0.0000000   0.7729300   0.7729300   0.7729300
 774.0000000   0.0000000   0.0000000   0.0000000   0.7729300   0.7729300   0.7729300
 776.0000000   0.0000000   0.0000000   0.0000000   0.7729300   0.7729300   0.7729300
 778.0000000   0.0000000   0.0000000   0.0000000   0.7729300   0.7729300   0.7729300
 780.0000000   0.0000000   0.0000000   0.0000000   0.7729300   0.7729300   0.7729300
 782.0000000   0.0000000   0.0000000   0.0000000   0.7729300   0.7729300   0.7729300
 784.0000000   0.0000000   0.0000000   0.0000000   0.7729300   0.7729300   0.7729300
 786.0000000   0.0000000   0.0000000   0.0000000   0.7729300   0.7729300   0.7729300
 788.0000000   0.0000000   0.0000000   0.0000000   0.7729300   0.7729300   0.7729300
 790.0000000   0.0000000   0.0000000   0.0000000   0.7729300   0.7729300   0.7729300
 792.0000000   0.0000000   0.0000000   0.0000000   0.7729300   0.7729300   0.7729300
 794.0000000   0.0000000   0.0000000   0.0000000   0.7729300   0.7729300   0.7729300
 796.0000000   0.0000000   0.0000000   0.0000000   0.7729300   0.7729300   0.7729300
 798.0000000   0.0000000   0.0000000   0.0000000   0.7729300   0.7729300   0.7729300
 800.0000000   0.0000000   0.0000000   0.0000000   0.7729300   0.7729300   0.7729300
 802.0000000   0.0000000   0.0000000   0.0000000   0.7729300   0.7729300   0.7729300
 804.0000000   0.0000000   0.0000000   0.0000000   0.7729300   0.7729300   0.7729300
 806.0000000   0.0000000   0.0000000   0.0000000   0.7729300   0.7729300   0.7729300
 808.0000000   0.0000000   0.0000000   0.0000000   0.7729300   0.7729300   0.7729300
 810.0000000   0.0000000   0.0000000   0.0000000   0.7729300   0.7729300   0.7729300
 812.0000000   0.0000000   0.0000000   0.0000000   0.7729300   0.7729300   0.7729300
 814.0000000   0.0000000   0.0000000   0.0000000   0.7729300   0.7729300   0.7729300
 816.0000000   0.0000000   0.0000000   0.0000000   0.7729300   0.7729300   0.7729300
 818.0000000   0.0000000   0.0000000   0.0000000   0.7729300   0.7729300   0.7729300
 820.0000000   0.0000000   0.0000000   0.0000000   0.7729300   0.7729300   0.7729300
 822.0000000   0.0000000   0.0000000   0.0000000   0.7729300   0.7729300   0.7729300
 824.0000000   0.0000000   0.0000000   0.0000000   0.7729300   0.7729300   0.7729300
 826.0000000   0.0000000   0.0000000   0.0000000   0.7729300   0.7729300   0.7729300
 828.0000000   0.0000000   0.0000000   0.0000000   0.7729300   0.7729300   0.7729300
 830.0000000   0.0000000   0.0000000   0.0000000   0.7729300   0.7729300   0.7729300
 832.0000000   0.0000000   0.0000000   0.0000000   0.7729300   0.7729300   0.7729300
 834.0000000   0.0000000   0.0000000   0.0000000   0.7729300   0.7729300   0.7729300
 836.0000000   0.0000000   0.0000000   0.0000000   0.7729300   0.7729300   0.7729300
 838.0000000   0.0000000   0.0000000   0.0000000   0.7729300   0.7729300   0.7729300
 840.0000000   0.0000000   0.0000000   0.0000000   0.7729300   0.7729300   0.7729300
 842.0000000   0.0000000   0.0000000   0.0000000   0.7729300   0.7729300   0.7729300
 844.0000000   0.0000000   0.0000000   0.0000000   0.7729300   0.7729300   0.7729300
 846.0000000   0.0000000   0.0000000   0.0000000   0.7729300   0.7729300   0.7729300
 848.0000000   0.0000000   0.0000000   0.0000000   0.7729300   0.7729300   0.7729300
 850.0000000   0.0000000   0.0000000   0.0000000   0.7729300   0.7729300   0.7729300
 852.0000000   0.0000000   0.0000000   0.0000000   0.7729300   0.7729300   0.7729300
 854.0000000   0.0000000   0.0000000   0.0000000   0.7729300   0.7729300   0.7729300
 856.0000000   0.0000000   0.0000000   0.0000000   0.7729300   0.7729300   0.7729300
 858.0000000   0.0000000   0.0000000   0.0000000   0.7729300   0.7729300   0.7729300
 860.0000000   0.0000000   0.0000000   0.0000000   0.7729300   0.7729300   0.7729300
 862.0000000   0.0000000   0.0000000   0.0000000   0.7729300   0.7729300   0.7729300
 864.0000000   0.0000000   0.0000000   0.0000000   0.7729300   0.7729300   0.7729300
 866.0000000   0.0000000   0.0000000   0.0000000   0.7729300   0.7729300   0.7729300
 868.0000000   0.0000000   0.0000000   0.0000000   0.7729300   0.7729300   0.7729300
 870.0000000   0.0000000   0.0000000   0.0000000   0.7729300   0.7729300   0.7729300
 872.0000000   0.0000000   0.0000000   0.0000000   0.7729300   0.7729300   0.7729300
 874.0000000   0.0000000   0.0000000   0.0000000   0.7729300   0.7729300   0.7729300
 876.0000000   0.0000000   0.0000000   0.0000000   0.7729300   0.7729300   0.7729300
 878.0000000   0.0000000   0.0000000   0.0000000   0.7729300   0.7729300   0.7729300
 880.0000000   0.0000000   0.0000000   0.0000000   0.7729300   0.7729300   0.7729300
 882.0000000   0.0000000   0.0000000   0.0000000   0.7729300   0.7729300   0.7729300
 884.0000000   0.0000000   0.0000000   0.0000000   0.7729300   0.7729300   0.7729300
 886.0000000   0.0000000   0.0000000   0.0000000   0.7729300   0.7729300   0.7729300
 888.0000000   0.0000000   0.0000000   0.0000000   0.7729300   0.7729300   0.7729300
 890.0000000   0.0000000   0.0000000   0.0000000   0.7729300   0.7729300   0.7729300
 892.0000000   0.0000000   0.0000000   0.0000000   0.7729300   0.7729300   0.7729300
 894.0000000   0.0000000   0.0000000   0.0000000   0.7729300   0.7729300   0.7729300
 896.0000000   0.0000000   0.0000000   0.0000000   0.7729300   0.7729300   0.7729300
 898.0000000   0.0000000   0.0000000   0.0000000   0.7729300   0.7729300   0.7729300
 900.0000000   0.0000000   0.0000000   0.0000000   0.7729300   0.7729300   0.7729300
 902.0000000   0.0000000   0.0000000   0.0000000   0.7729300   0.7729300   0.7729300
 904.0000000   0.0000000   0.0000000   0.0000000   0.7729300   0.7729300   0.7729300
 906.0000000   0.0000000   0.0000000   0.0000000   0.7729300   0.7729300   0.7729300
 908.0000000   0.0000000   0.0000000   0.0000000   0.7729300   0.7729300   0.7729300
 910.0000000   0.0000000   0.0000000   0.0000000   0.7729300   0.7729300   0.7729300
 912.0000000   0.0000000   0.0000000   0.0000000   0.7729300   0.7729300   0.7729300
 914.0000000   0.0000000   0.0000000   0.0000000   0.7729300   0.7729300   0.7729300
 916.0000000   0.0000000   0.0000000   0.0000000   0.7729300   0.7729300   0.7729300
 918.0000000   0.0000000   0.0000000   0.0000000   0.7729300   0.7729300   0.7729300
 920.0000000   0.0000000   0.0000000   0.0000000   0.7729300   0.7729300   0.7729300
 922.0000000   0.0000000   0.0000000   0.0000000   0.7729300   0.7729300   0.7729300
 924.0000000   0.0000000   0.0000000   0.0000000   0.7729300   0.7729300   0.7729300
 926.0000000   0.0000000   0.0000000   0.0000000   0.7729300   0.7729300   0.7729300
 928.0000000   0.0000000   0.0000000   0.0000000   0.7729300   0.7729300   0.7729300
 930.0000000   0.0000000   0.0000000   0.0000000   0.7729300   0.7729300   0.7729300
 932.0000000   0.0000000   0.0000000   0.0000000   0.7729300   0.7729300   0.7729300
 934.0000000   0.0000000   0.0000000   0.0000000   0.7729300   0.7729300   0.7729300
 936.0000000   0.0000000   0.0000000   0.0000000   0.7729300   0.7729300   0.7729300
 938.0000000   0.0000000   0.0000000   0.0000000   0.7729300   0.7729300   0.7729300
 940.0000000   0.0000000   0.0000000   0.0000000   0.7729300   0.7729300   0.7729300
 942.0000000   0.0000000   0.0000000   0.0000000   0.7729300   0.7729300   0.7729300
 944.0000000   0.0000000   0.0000000   0.0000000   0.7729300   0.7729300   0.7729300
 946.0000000   0.0000000   0.0000000   0.0000000   0.7729300   0.7729300   0.7729300
 948.0000000   0.0000000   0.0000000   0.0000000   0.7729300   0.7729300   0.7729300
 950.0000000   0.0000000   0.0000000   0.0000000   0.7729300   0.7729300   0.7729300
 952.0000000   0.0000000   0.0000000   0.0000000   0.7729300   0.7729300   0.7729300
 954.0000000   0.0000000   0.0000000   0.0000000   0.7729300   0.7729300   0.7729300
 956.0000000   0.0000000   0.0000000   0.0000000   0.7729300   0.7729300   0.7729300
 958.0000000   0.0000000   0.0000000   0.0000000   0.7729300   0.7729300   0.7729300
 960.0000000   0.0000000   0.0000000   0.0000000   0.7729300   0.7729300   0.7729300
 962.0000000   0.0000000   0.0000000   0.0000000   0.7729300   0.7729300   0.7729300
 964.0000000   0.0000000   0.0000000   0.0000000   0.7729300   0.7729300   0.7729300
 966.0000000   0.0000000   0.0000000   0.0000000   0.7729300   0.7729300   0.7729300
 968.0000000   0.0000000   0.0000000   0.0000000   0.7729300   0.7729300   0.7729300
 970.0000000   0.0000000   0.0000000   0.0000000   0.7729300   0.7729300   0.7729300
 972.0000000   0.0000000   0.0000000   0.0000000   0.7729300   0.7729300   0.7729300
 974.0000000   0.0000000   0.0000000   0.0000000   0.7729300   0.7729300   0.7729300
 976.0000000   0.0000000   0.0000000   0.0000000   0.7729300   0.7729300   0.7729300
 978.0000000   0.0000000   0.0000000   0.0000000   0.7729300   0.7729300   0.7729300
 980.0000000   0.0000000   0.0000000   0.0000000   0.7729300   0.7729300   0.7729300
 982.0000000   0.0000000   0.0000000   0.0000000   0.7729300   0.7729300   0.7729300
 984.0000000   0.0000000   0.0000000   0.0000000   0.7729300   0.7729300   0.7729300
 986.0000000   0.0000000   0.0000000   0.0000000   0.7729300   0.7729300   0.7729300
 988.0000000   0.0000000   0.0000000   0.0000000   0.7729300   0.7729300   0.7729300
 990.0000000   0.0000000   0.0000000   0.0000000   0.7729300   0.7729300   0.7729300
 992.0000000   0.0000000   0.0000000   0.0000000   0.7729300   0.7729300   0.7729300
 994.0000000   0.0000000   0.0000000   0.0000000   0.7729300   0.7729300   0.7729300
 996.0000000   0.0000000   0.0000000   0.0000000   0.7729300   0.7729300   0.7729300
 998.0000000   0.0000000   0.0000000   0.0000000   0.7729300   0.7729300   0.7729300
1000.0000000   0.0000000   0.0000000   0.0000000   0.7729300   0.7729300   0.7729300
1002.0000000   0.0000000   0.0000000   0.0000000   0.7729300   0.7729300   0.7729300
1004.0000000   0.0000000   0.0000000   0.0000000   0.7729300   0.7729300   0.7729300
1006.0000000   0.0000000   0.0000000   0.0000000   0.7729300   0.7729300   0.7729300
1008.0000000   0.0000000   0.0000000   0.0000000   0.7729300   0.7729300   0.7729300
1010.0000000   0.0000000   0.0000000   0.0000000   0.7729300   0.7729300   0.7729300
1012.0000000   0.0000000   0.0000000   0.0000000   0.7729300   0.7729300   0.7729300
1014.0000000   0.0000000   0.0000000   0.0000000   0.7729300   0.7729300   0.7729300
1016.0000000   0.0000000   0.0000000   0.0000000   0.7729300   0.7729300   0.7729300
1018.0000000   0.0000000   0.0000000   0.0000000   0.7729300   0.7729300   0.7729300
1020.0000000   0.0000000   0.0000000   0.0000000   0.7729300   0.7729300   0.7729300
1022.0000000   0.0000000   0.0000000   0.0000000   0.7729300   0.7729300   0.7729300
1024.0000000   0.0000000   0.0000000   0.0000000   0.7729300   0.7729300   0.7729300
1026.0000000   0.0000000   0.0000000   0.0000000   0.7729300   0.7729300   0.7729300
1028.0000000   0.0000000   0.0000000   0.0000000   0.7729300   0.7729300   0.7729300
1030.0000000   0.0000000   0.0000000   0.0000000   0.7729300   0.7729300   0.7729300
1032.0000000   0.0000000   0.0000000   0.0000000   0.7729300   0.7729300   0.7729300
1034.0000000   0.0000000   0.0000000   0.0000000   0.7729300   0.7729300   0.7729300
1036.0000000   0.0000000   0.0000000   0.0000000   0.7729300   0.7729300   0.7729300
1038.0000000   0.0000000   0.0000000   0.0000000   0.7729300   0.7729300   0.7729300
1040.0000000   0.0000000   0.0000000   0.0000000   0.7729300   0.7729300   0.7729300
1042.0000000   0.0000000   0.0000000   0.0000000   0.7729300   0.7729300   0.7729300
1044.0000000   0.0000000   0.0000000   0.0000000   0.7729300   0.7729300   0.7729300
1046.0000000   0.0000000   0.0000000   0.0000000   0.7729300   0.7729300   0.7729300
1048.0000000   0.0000000   0.0000000   0.0000000   0.7729300   0.7729300   0.7729300
1050.0000000   0.0000000   0.0000000   0.0000000   0.7729300   0.7729300   0.7729300
1052.0000000   0.0000000   0.0000000   0.0000000   0.7729300   0.7729300   0.7729300
1054.0000000   0.0000000   0.0000000   0.0000000   0.7729300   0.7729300   0.7729300
1056.0000000   0.0000000   0.0000000   0.0000000   0.7729300   0.7729300   0.7729300
1058.0000000   0.0000000   0.0000000   0.0000000   0.7729300   0.7729300   0.7729300
1060.0000000   0.0000000   0.0000000   0.0000000   0.7729300   0.7729300   0.7729300
1062.0000000   0.0000000   0.0000000   0.0000000   0.7729300   0.7729300   0.7729300
1064.0000000   0.0000000   0.0000000   0.0000000   0.7729300   0.7729300   0.7729300
1066.0000000   0.0000000   0.0000000   0.0000000   0.7729300   0.7729300   0.7729300
1068.0000000   0.0000000   0.0000000   0.0000000   0.7729300   0.7729300   0.7729300
1070.0000000   0.0000000   0.0000000   0.0000000   0.7729300   0.7729300   0.7729300
1072.0000000   0.0000000   0.0000000   0.0000000   0.7729300   0.7729300   0.7729300
1074.0000000   0.0000000   0.0000000   0.0000000   0.7729300   0.7729300   0.7729300
1076.0000000   0.0000000   0.0000000   0.0000000   0.7729300   0.7729300   0.7729300
1078.0000000   0.0000000   0.0000000   0.0000000   0.7729300   0.7729300   0.7729300
1080.0000000   0.0000000   0.0000000   0.0000000   0.7729300   0.7729300   0.7729300
1082.0000000   0.0000000   0.0000000   0.0000000   0.7729300   0.7729300   0.7729300
1084.0000000   0.0000000   0.0000000   0.0000000   0.7729300   0.7729300   0.7729300
1086.0000000   0.0000000   0.0000000   0.0000000   0.7729300   0.7729300   0.7729300
1088.0000000   0.0000000   0.0000000   0.0000000   0.7729300   0.7729300   0.7729300
1090.0000000   0.0000000   0.0000000   0.0000000   0.7729300   0.7729300   0.7729300
1092.0000000   0.0000000   0.0000000   0.0000000   0.7729300   0.7729300   0.7729300
1094.0000000   0.0000000   0.0000000   0.0000000   0.7729300   0.7729300   0.7729300
1096.0000000   0.0000000   0.0000000   0.0000000   0.7729300   0.7729300   0.7729300
1098.0000000   0.0000000   0.0000000   0.0000000   0.7729300   0.7729300   0.7729300
1100.0000000   0.0000000   0.0000000   0.0000000   0.7729300   0.7729300   0.7729300
1102.0000000   0.0000000   0.0000000   0.0000000   0.7729300   0.7729300   0.7729300
1104.0000000   0.0000000   0.0000000   0.0000000   0.7729300   0.7729300   0.7729300
1106.0000000   0.0000000   0.0000000   0.0000000   0.7729300   0.7729300   0.7729300
1108.0000000   0.0000000   0.0000000   0.0000000   0.7729300   0.7729300   0.7729300
1110.0000000   0.0000000   0.0000000   0.0000000   0.7729300   0.7729300   0.7729300
1112.0000000   0.0000000   0.0000000   0.0000000   0.7729300   0.7729300   0.7729300
1114.0000000   0.0000000   0.0000000   0.0000000   0.7729300   0.7729300   0.7729300
1116.0000000   0.0000000   0.0000000   0.0000000   0.7729300   0.7729300   0.7729300
1118.0000000   0.0000000   0.0000000   0.0000000   0.7729300   0.7729300   0.7729300
1120.0000000   0.0000000   0.0000000   0.0000000   0.7729300   0.7729300   0.7729300
1122.0000000   0.0000000   0.0000000   0.0000000   0.7729300   0.7729300   0.7729300
1124.0000000   0.0000000   0.0000000   0.0000000   0.7729300   0.7729300   0.7729300
1126.0000000   0.0000000   0.0000000   0.0000000   0.7729300   0.7729300   0.7729300
1128.0000000   0.0000000   0.0000000   0.0000000   0.7729300   0.7729300   0.7729300
1130.0000000   0.0000000   0.0000000   0.0000000   0.7729300   0.7729300   0.7729300
1132.0000000   0.0000000   0.0000000   0.0000000   0.7729300   0.7729300   0.7729300
1134.0000000   0.0000000   0.0000000   0.0000000   0.7729300   0.7729300   0.7729300
1136.0000000   0.0000000   0.0000000   0.0000000   0.7729300   0.7729300   0.7729300
1138.0000000   0.0000000   0.0000000   0.0000000   0.7729300   0.7729300   0.7729300
1140.0000000   0.0000000   0.0000000   0.0000000   0.7729300   0.7729300   0.7729300
1142.0000000   0.0000000   0.0000000   0.0000000   0.7729300   0.7729300   0.7729300
1144.0000000   0.0000000   0.0000000   0.0000000   0.7729300   0.7729300   0.7729300
1146.0000000   0.0000000   0.0000000   0.0000000   0.7729300   0.7729300   0.7729300
1148.0000000   0.0000000   0.0000000   0.0000000   0.7729300   0.7729300   0.7729300
1150.0000000   0.0000000   0.0000000   0.0000000   0.7729300   0.7729300   0.7729300
1152.0000000   0.0000000   0.0000000   0.0000000   0.7729300   0.7729300   0.7729300
1154.0000000   0.0000000   0.0000000   0.0000000   0.7729300   0.7729300   0.7729300
1156.0000000   0.0000000   0.0000000   0.0000000   0.7729300   0.7729300   0.7729300
1158.0000000   0.0000000   0.0000000   0.0000000   0.7729300   0.7729300   0.7729300
1160.0000000   0.0000000   0.0000000   0.0000000   0.7729300   0.7729300   0.7729300
1162.0000000   0.0000000   0.0000000   0.0000000   0.7729300   0.7729300   0.7729300
1164.0000000   0.0000000   0.0000000   0.0000000   0.7729300   0.7729300   0.7729300
1166.0000000   0.0000000   0.0000000   0.0000000   0.7729300   0.7729300   0.7729300
1168.0000000   0.0000000   0.0000000   0.0000000   0.7729300   0.7729300   0.7729300
1170.0000000   0.0000000   0.0000000   0.0000000   0.7729300   0.7729300   0.7729300
1172.0000000   0.0000000   0.0000000   0.0000000   0.7729300   0.7729300   0.7729300
1174.0000000   0.0000000   0.0000000   0.0000000   0.7729300   0.7729300   0.7729300
1176.0000000   0.0000000   0.0000000   0.0000000   0.7729300   0.7729300   0.7729300
1178.0000000   0.0000000   0.0000000   0.0000000   0.7729300   0.7729300   0.7729300
1180.0000000   0.0000000   0.0000000   0.0000000   0.7729300   0.7729300   0.7729300
1182.0000000   0.0000000   0.0000000   0.0000000   0.7729300   0.7729300   0.7729300
1184.0000000   0.0000000   0.0000000   0.0000000   0.7729300   0.7729300   0.7729300
1186.0000000   0.0000000   0.0000000   0.0000000   0.7729300   0.7729300   0.7729300
1188.0000000   0.0000000   0.0000000   0.0000000   0.7729300   0.7729300   0.7729300
1190.0000000   0.0000000   0.0000000   0.0000000   0.7729300   0.7729300   0.7729300
1192.0000000   0.0000000   0.0000000   0.0000000   0.7729300   0.7729300   0.7729300
1194.0000000   0.0000000   0.0000000   0.0000000   0.7729300   0.7729300   0.7729300
1196.0000000   0.0000000   0.0000000   0.0000000   0.7729300   0.7729300   0.7729300
1198.0000000   0.0000000   0.0000000   0.0000000   0.7729300   0.7729300   0.7729300
