    3    5    4
 79.904112.411132.900
    1    1  1.0000  0.0000  0.0000
 -5.172456  -0.000000   0.000000
  0.875598   0.000000  -0.000000
  0.875598   0.000000  -0.000000
  3.368526   0.000000  -0.000000
  0.052734   0.000000  -0.000000
    1    2  0.0000  1.0000  0.0000
  0.000000  -0.557725   0.000000
  0.000000   0.874541   0.000000
  0.000000  -0.075301   0.000000
  0.000000  -0.456228   0.000000
  0.000000   0.214714   0.000000
    4    1  1.0000  0.0000  0.0000
  3.370715  -0.000000   0.000000
 -0.457434   0.000000  -0.000000
 -0.457434   0.000000  -0.000000
 -2.569035   0.000000  -0.000000
  0.113187   0.000000  -0.000000
    5    1  1.0000  0.0000  0.0000
  0.042061  -0.000000   0.000000
  0.205260  -0.000000   0.000000
  0.205260  -0.000000   0.000000
  0.096864  -0.000000   0.000000
 -0.549446   0.000000  -0.000000
