   0.0000000   0.0000000   0.0000000   0.0000000   0.0000000   0.0000000   0.0000000
   2.0000000   0.0000220   0.0000220   0.0000220   0.0000440   0.0000440   0.0000440
   4.0000000   0.0001780   0.0001780   0.0001780   0.0004000   0.0004000   0.0004000
   6.0000000   0.0006040   0.0006040   0.0006040   0.0016080   0.0016080   0.0016080
   8.0000000   0.0020340   0.0020340   0.0020340   0.0056760   0.0056760   0.0056760
  10.0000000   0.0039360   0.0039360   0.0039360   0.0135480   0.0135480   0.0135480
  12.0000000   0.0065790   0.0065790   0.0065790   0.0267060   0.0267060   0.0267060
  14.0000000   0.0087860   0.0087860   0.0087860   0.0442780   0.0442780   0.0442780
  16.0000000   0.0107610   0.0107610   0.0107610   0.0658000   0.0658000   0.0658000
  18.0000000   0.0141460   0.0141460   0.0141460   0.0940920   0.0940920   0.0940920
  20.0000000   0.0153770   0.0153770   0.0153770   0.1248460   0.1248460   0.1248460
  22.0000000   0.0142620   0.0142620   0.0142620   0.1533700   0.1533700   0.1533700
  24.0000000   0.0135110   0.0135110   0.0135110   0.1803920   0.1803920   0.1803920
  26.0000000   0.0129510   0.0129510   0.0129510   0.2062940   0.2062940   0.2062940
  28.0000000   0.0125870   0.0125870   0.0125870   0.2314680   0.2314680   0.2314680
  30.0000000   0.0117640   0.0117640   0.0117640   0.2549960   0.2549960   0.2549960
  32.0000000   0.0069700   0.0069700   0.0069700   0.2689360   0.2689360   0.2689360
  34.0000000   0.0048990   0.0048990   0.0048990   0.2787340   0.2787340   0.2787340
  36.0000000   0.0158200   0.0158200   0.0158200   0.3103740   0.3103740   0.3103740
  38.0000000   0.0125210   0.0125210   0.0125210   0.3354160   0.3354160   0.3354160
  40.0000000   0.0095060   0.0095060   0.0095060   0.3544280   0.3544280   0.3544280
  42.0000000   0.0139090   0.0139090   0.0139090   0.3822460   0.3822460   0.3822460
  44.0000000   0.0090000   0.0090000   0.0090000   0.4002460   0.4002460   0.4002460
  46.0000000   0.0046910   0.0046910   0.0046910   0.4096280   0.4096280   0.4096280
  48.0000000   0.0038320   0.0038320   0.0038320   0.4172920   0.4172920   0.4172920
  50.0000000   0.0047050   0.0047050   0.0047050   0.4267020   0.4267020   0.4267020
  52.0000000   0.0064650   0.0064650   0.0064650   0.4396320   0.4396320   0.4396320
  54.0000000   0.0068620   0.0068620   0.0068620   0.4533560   0.4533560   0.4533560
  56.0000000   0.0060880   0.0060880   0.0060880   0.4655320   0.4655320   0.4655320
  58.0000000   0.0055840   0.0055840   0.0055840   0.4767000   0.4767000   0.4767000
  60.0000000   0.0048690   0.0048690   0.0048690   0.4864380   0.4864380   0.4864380
  62.0000000   0.0056200   0.0056200   0.0056200   0.4976780   0.4976780   0.4976780
  64.0000000   0.0038040   0.0038040   0.0038040   0.5052860   0.5052860   0.5052860
  66.0000000   0.0024100   0.0024100   0.0024100   0.5101060   0.5101060   0.5101060
  68.0000000   0.0012660   0.0012660   0.0012660   0.5126380   0.5126380   0.5126380
  70.0000000   0.0055090   0.0055090   0.0055090   0.5236560   0.5236560   0.5236560
  72.0000000   0.0248200   0.0248200   0.0248200   0.5732960   0.5732960   0.5732960
  74.0000000   0.0266990   0.0266990   0.0266990   0.6266940   0.6266940   0.6266940
  76.0000000   0.0288280   0.0288280   0.0288280   0.6843500   0.6843500   0.6843500
  78.0000000   0.0198500   0.0198500   0.0198500   0.7240500   0.7240500   0.7240500
  80.0000000   0.0185180   0.0185180   0.0185180   0.7610860   0.7610860   0.7610860
  82.0000000   0.0196570   0.0196570   0.0196570   0.8004000   0.8004000   0.8004000
  84.0000000   0.0210610   0.0210610   0.0210610   0.8425220   0.8425220   0.8425220
  86.0000000   0.0232350   0.0232350   0.0232350   0.8889920   0.8889920   0.8889920
  88.0000000   0.0255960   0.0255960   0.0255960   0.9401840   0.9401840   0.9401840
  90.0000000   0.0448850   0.0448850   0.0448850   1.0299540   1.0299540   1.0299540
  92.0000000   0.0465520   0.0465520   0.0465520   1.1230580   1.1230580   1.1230580
  94.0000000   0.0306690   0.0306690   0.0306690   1.1843960   1.1843960   1.1843960
  96.0000000   0.0246600   0.0246600   0.0246600   1.2337160   1.2337160   1.2337160
  98.0000000   0.0233430   0.0233430   0.0233430   1.2804021   1.2804021   1.2804021
 100.0000000   0.0226750   0.0226750   0.0226750   1.3257520   1.3257520   1.3257520
 102.0000000   0.0223110   0.0223110   0.0223110   1.3703741   1.3703741   1.3703741
 104.0000000   0.0222490   0.0222490   0.0222490   1.4148721   1.4148721   1.4148721
 106.0000000   0.0224890   0.0224890   0.0224890   1.4598501   1.4598501   1.4598501
 108.0000000   0.0307280   0.0307280   0.0307280   1.5213060   1.5213060   1.5213060
 110.0000000   0.0291770   0.0291770   0.0291770   1.5796599   1.5796599   1.5796599
 112.0000000   0.0350860   0.0350860   0.0350860   1.6498319   1.6498319   1.6498319
 114.0000000   0.0298620   0.0298620   0.0298620   1.7095560   1.7095560   1.7095560
 116.0000000   0.0247380   0.0247380   0.0247380   1.7590319   1.7590319   1.7590319
 118.0000000   0.0227790   0.0227790   0.0227790   1.8045900   1.8045900   1.8045900
 120.0000000   0.0212690   0.0212690   0.0212690   1.8471279   1.8471279   1.8471279
 122.0000000   0.0236680   0.0236680   0.0236680   1.8944640   1.8944640   1.8944640
 124.0000000   0.0257770   0.0257770   0.0257770   1.9460180   1.9460180   1.9460180
 126.0000000   0.0196670   0.0196670   0.0196670   1.9853520   1.9853520   1.9853520
 128.0000000   0.0155640   0.0155640   0.0155640   2.0164800   2.0164800   2.0164800
 130.0000000   0.0138430   0.0138430   0.0138430   2.0441661   2.0441661   2.0441661
 132.0000000   0.0174420   0.0174420   0.0174420   2.0790501   2.0790501   2.0790501
 134.0000000   0.0157580   0.0157580   0.0157580   2.1105661   2.1105661   2.1105661
 136.0000000   0.0138630   0.0138630   0.0138630   2.1382921   2.1382921   2.1382921
 138.0000000   0.0122910   0.0122910   0.0122910   2.1628740   2.1628740   2.1628740
 140.0000000   0.0111540   0.0111540   0.0111540   2.1851821   2.1851821   2.1851821
 142.0000000   0.0097400   0.0097400   0.0097400   2.2046621   2.2046621   2.2046621
 144.0000000   0.0083490   0.0083490   0.0083490   2.2213600   2.2213600   2.2213600
 146.0000000   0.0097770   0.0097770   0.0097770   2.2409141   2.2409141   2.2409141
 148.0000000   0.0088510   0.0088510   0.0088510   2.2586160   2.2586160   2.2586160
 150.0000000   0.0051500   0.0051500   0.0051500   2.2689161   2.2689161   2.2689161
 152.0000000   0.0028240   0.0028240   0.0028240   2.2745640   2.2745640   2.2745640
 154.0000000   0.0020150   0.0020150   0.0020150   2.2785940   2.2785940   2.2785940
 156.0000000   0.0015880   0.0015880   0.0015880   2.2817700   2.2817700   2.2817700
 158.0000000   0.0009060   0.0009060   0.0009060   2.2835820   2.2835820   2.2835820
 160.0000000   0.0003710   0.0003710   0.0003710   2.2843239   2.2843239   2.2843239
 162.0000000   0.0001500   0.0001500   0.0001500   2.2846239   2.2846239   2.2846239
 164.0000000   0.0000560   0.0000560   0.0000560   2.2847359   2.2847359   2.2847359
 166.0000000   0.0000050   0.0000050   0.0000050   2.2847459   2.2847459   2.2847459
 168.0000000   0.0000000   0.0000000   0.0000000   2.2847459   2.2847459   2.2847459
 170.0000000   0.0000000   0.0000000   0.0000000   2.2847459   2.2847459   2.2847459
 172.0000000   0.0000000   0.0000000   0.0000000   2.2847459   2.2847459   2.2847459
 174.0000000   0.0000000   0.0000000   0.0000000   2.2847459   2.2847459   2.2847459
 176.0000000   0.0000000   0.0000000   0.0000000   2.2847459   2.2847459   2.2847459
 178.0000000   0.0000000   0.0000000   0.0000000   2.2847459   2.2847459   2.2847459
 180.0000000   0.0000000   0.0000000   0.0000000   2.2847459   2.2847459   2.2847459
 182.0000000   0.0000000   0.0000000   0.0000000   2.2847459   2.2847459   2.2847459
 184.0000000   0.0000000   0.0000000   0.0000000   2.2847459   2.2847459   2.2847459
 186.0000000   0.0000000   0.0000000   0.0000000   2.2847459   2.2847459   2.2847459
 188.0000000   0.0000000   0.0000000   0.0000000   2.2847459   2.2847459   2.2847459
 190.0000000   0.0000000   0.0000000   0.0000000   2.2847459   2.2847459   2.2847459
 192.0000000   0.0000000   0.0000000   0.0000000   2.2847459   2.2847459   2.2847459
 194.0000000   0.0000000   0.0000000   0.0000000   2.2847459   2.2847459   2.2847459
 196.0000000   0.0000000   0.0000000   0.0000000   2.2847459   2.2847459   2.2847459
 198.0000000   0.0000000   0.0000000   0.0000000   2.2847459   2.2847459   2.2847459
 200.0000000   0.0000000   0.0000000   0.0000000   2.2847459   2.2847459   2.2847459
 202.0000000   0.0000850   0.0000850   0.0000850   2.2849159   2.2849159   2.2849159
 204.0000000   0.0004530   0.0004530   0.0004530   2.2858219   2.2858219   2.2858219
 206.0000000   0.0002910   0.0002910   0.0002910   2.2864039   2.2864039   2.2864039
 208.0000000   0.0002300   0.0002300   0.0002300   2.2868638   2.2868638   2.2868638
 210.0000000   0.0000110   0.0000110   0.0000110   2.2868860   2.2868860   2.2868860
 212.0000000   0.0000370   0.0000370   0.0000370   2.2869599   2.2869599   2.2869599
 214.0000000   0.0000580   0.0000580   0.0000580   2.2870760   2.2870760   2.2870760
 216.0000000   0.0000500   0.0000500   0.0000500   2.2871759   2.2871759   2.2871759
 218.0000000   0.0000280   0.0000280   0.0000280   2.2872319   2.2872319   2.2872319
 220.0000000   0.0000180   0.0000180   0.0000180   2.2872679   2.2872679   2.2872679
 222.0000000   0.0000170   0.0000170   0.0000170   2.2873020   2.2873020   2.2873020
 224.0000000   0.0000200   0.0000200   0.0000200   2.2873421   2.2873421   2.2873421
 226.0000000   0.0000240   0.0000240   0.0000240   2.2873900   2.2873900   2.2873900
 228.0000000   0.0000230   0.0000230   0.0000230   2.2874360   2.2874360   2.2874360
 230.0000000   0.0000210   0.0000210   0.0000210   2.2874780   2.2874780   2.2874780
 232.0000000   0.0000200   0.0000200   0.0000200   2.2875180   2.2875180   2.2875180
 234.0000000   0.0000220   0.0000220   0.0000220   2.2875621   2.2875621   2.2875621
 236.0000000   0.0000180   0.0000180   0.0000180   2.2875981   2.2875981   2.2875981
 238.0000000   0.0000180   0.0000180   0.0000180   2.2876339   2.2876339   2.2876339
 240.0000000   0.0000080   0.0000080   0.0000080   2.2876499   2.2876499   2.2876499
 242.0000000   0.0000020   0.0000020   0.0000020   2.2876539   2.2876539   2.2876539
 244.0000000   0.0000000   0.0000000   0.0000000   2.2876539   2.2876539   2.2876539
 246.0000000   0.0000000   0.0000000   0.0000000   2.2876539   2.2876539   2.2876539
 248.0000000   0.0000000   0.0000000   0.0000000   2.2876539   2.2876539   2.2876539
 250.0000000   0.0000000   0.0000000   0.0000000   2.2876539   2.2876539   2.2876539
 252.0000000   0.0000000   0.0000000   0.0000000   2.2876539   2.2876539   2.2876539
 254.0000000   0.0000000   0.0000000   0.0000000   2.2876539   2.2876539   2.2876539
 256.0000000   0.0000000   0.0000000   0.0000000   2.2876539   2.2876539   2.2876539
 258.0000000   0.0000000   0.0000000   0.0000000   2.2876539   2.2876539   2.2876539
 260.0000000   0.0000000   0.0000000   0.0000000   2.2876539   2.2876539   2.2876539
 262.0000000   0.0000000   0.0000000   0.0000000   2.2876539   2.2876539   2.2876539
 264.0000000   0.0000000   0.0000000   0.0000000   2.2876539   2.2876539   2.2876539
 266.0000000   0.0000000   0.0000000   0.0000000   2.2876539   2.2876539   2.2876539
 268.0000000   0.0000000   0.0000000   0.0000000   2.2876539   2.2876539   2.2876539
 270.0000000   0.0000000   0.0000000   0.0000000   2.2876539   2.2876539   2.2876539
 272.0000000   0.0000000   0.0000000   0.0000000   2.2876539   2.2876539   2.2876539
 274.0000000   0.0000000   0.0000000   0.0000000   2.2876539   2.2876539   2.2876539
 276.0000000   0.0000000   0.0000000   0.0000000   2.2876539   2.2876539   2.2876539
 278.0000000   0.0000000   0.0000000   0.0000000   2.2876539   2.2876539   2.2876539
 280.0000000   0.0000000   0.0000000   0.0000000   2.2876539   2.2876539   2.2876539
 282.0000000   0.0000000   0.0000000   0.0000000   2.2876539   2.2876539   2.2876539
 284.0000000   0.0000000   0.0000000   0.0000000   2.2876539   2.2876539   2.2876539
 286.0000000   0.0000000   0.0000000   0.0000000   2.2876539   2.2876539   2.2876539
 288.0000000   0.0000000   0.0000000   0.0000000   2.2876539   2.2876539   2.2876539
 290.0000000   0.0000000   0.0000000   0.0000000   2.2876539   2.2876539   2.2876539
 292.0000000   0.0000000   0.0000000   0.0000000   2.2876539   2.2876539   2.2876539
 294.0000000   0.0000000   0.0000000   0.0000000   2.2876539   2.2876539   2.2876539
 296.0000000   0.0000000   0.0000000   0.0000000   2.2876539   2.2876539   2.2876539
 298.0000000   0.0000000   0.0000000   0.0000000   2.2876539   2.2876539   2.2876539
 300.0000000   0.0000000   0.0000000   0.0000000   2.2876539   2.2876539   2.2876539
 302.0000000   0.0000000   0.0000000   0.0000000   2.2876539   2.2876539   2.2876539
 304.0000000   0.0000000   0.0000000   0.0000000   2.2876539   2.2876539   2.2876539
 306.0000000   0.0000000   0.0000000   0.0000000   2.2876539   2.2876539   2.2876539
 308.0000000   0.0000000   0.0000000   0.0000000   2.2876539   2.2876539   2.2876539
 310.0000000   0.0000000   0.0000000   0.0000000   2.2876539   2.2876539   2.2876539
 312.0000000   0.0000000   0.0000000   0.0000000   2.2876539   2.2876539   2.2876539
 314.0000000   0.0000000   0.0000000   0.0000000   2.2876539   2.2876539   2.2876539
 316.0000000   0.0000000   0.0000000   0.0000000   2.2876539   2.2876539   2.2876539
 318.0000000   0.0000000   0.0000000   0.0000000   2.2876539   2.2876539   2.2876539
 320.0000000   0.0000000   0.0000000   0.0000000   2.2876539   2.2876539   2.2876539
 322.0000000   0.0000000   0.0000000   0.0000000   2.2876539   2.2876539   2.2876539
 324.0000000   0.0000000   0.0000000   0.0000000   2.2876539   2.2876539   2.2876539
 326.0000000   0.0000000   0.0000000   0.0000000   2.2876539   2.2876539   2.2876539
 328.0000000   0.0000000   0.0000000   0.0000000   2.2876539   2.2876539   2.2876539
 330.0000000   0.0000000   0.0000000   0.0000000   2.2876539   2.2876539   2.2876539
 332.0000000   0.0000000   0.0000000   0.0000000   2.2876539   2.2876539   2.2876539
 334.0000000   0.0000000   0.0000000   0.0000000   2.2876539   2.2876539   2.2876539
 336.0000000   0.0000000   0.0000000   0.0000000   2.2876539   2.2876539   2.2876539
 338.0000000   0.0000000   0.0000000   0.0000000   2.2876539   2.2876539   2.2876539
 340.0000000   0.0000000   0.0000000   0.0000000   2.2876539   2.2876539   2.2876539
 342.0000000   0.0000000   0.0000000   0.0000000   2.2876539   2.2876539   2.2876539
 344.0000000   0.0000000   0.0000000   0.0000000   2.2876539   2.2876539   2.2876539
 346.0000000   0.0000000   0.0000000   0.0000000   2.2876539   2.2876539   2.2876539
 348.0000000   0.0000000   0.0000000   0.0000000   2.2876539   2.2876539   2.2876539
 350.0000000   0.0000000   0.0000000   0.0000000   2.2876539   2.2876539   2.2876539
 352.0000000   0.0000000   0.0000000   0.0000000   2.2876539   2.2876539   2.2876539
 354.0000000   0.0000000   0.0000000   0.0000000   2.2876539   2.2876539   2.2876539
 356.0000000   0.0000000   0.0000000   0.0000000   2.2876539   2.2876539   2.2876539
 358.0000000   0.0000000   0.0000000   0.0000000   2.2876539   2.2876539   2.2876539
 360.0000000   0.0000000   0.0000000   0.0000000   2.2876539   2.2876539   2.2876539
 362.0000000   0.0000000   0.0000000   0.0000000   2.2876539   2.2876539   2.2876539
 364.0000000   0.0000000   0.0000000   0.0000000   2.2876539   2.2876539   2.2876539
 366.0000000   0.0000000   0.0000000   0.0000000   2.2876539   2.2876539   2.2876539
 368.0000000   0.0000000   0.0000000   0.0000000   2.2876539   2.2876539   2.2876539
 370.0000000   0.0000000   0.0000000   0.0000000   2.2876539   2.2876539   2.2876539
 372.0000000   0.0000000   0.0000000   0.0000000   2.2876539   2.2876539   2.2876539
 374.0000000   0.0000000   0.0000000   0.0000000   2.2876539   2.2876539   2.2876539
 376.0000000   0.0000000   0.0000000   0.0000000   2.2876539   2.2876539   2.2876539
 378.0000000   0.0000000   0.0000000   0.0000000   2.2876539   2.2876539   2.2876539
 380.0000000   0.0000000   0.0000000   0.0000000   2.2876539   2.2876539   2.2876539
 382.0000000   0.0000000   0.0000000   0.0000000   2.2876539   2.2876539   2.2876539
 384.0000000   0.0000000   0.0000000   0.0000000   2.2876539   2.2876539   2.2876539
 386.0000000   0.0000000   0.0000000   0.0000000   2.2876539   2.2876539   2.2876539
 388.0000000   0.0000000   0.0000000   0.0000000   2.2876539   2.2876539   2.2876539
 390.0000000   0.0000000   0.0000000   0.0000000   2.2876539   2.2876539   2.2876539
 392.0000000   0.0000000   0.0000000   0.0000000   2.2876539   2.2876539   2.2876539
 394.0000000   0.0000000   0.0000000   0.0000000   2.2876539   2.2876539   2.2876539
 396.0000000   0.0000000   0.0000000   0.0000000   2.2876539   2.2876539   2.2876539
 398.0000000   0.0000000   0.0000000   0.0000000   2.2876539   2.2876539   2.2876539
 400.0000000   0.0000000   0.0000000   0.0000000   2.2876539   2.2876539   2.2876539
 402.0000000   0.0000000   0.0000000   0.0000000   2.2876539   2.2876539   2.2876539
 404.0000000   0.0000000   0.0000000   0.0000000   2.2876539   2.2876539   2.2876539
 406.0000000   0.0000000   0.0000000   0.0000000   2.2876539   2.2876539   2.2876539
 408.0000000   0.0000000   0.0000000   0.0000000   2.2876539   2.2876539   2.2876539
 410.0000000   0.0000000   0.0000000   0.0000000   2.2876539   2.2876539   2.2876539
 412.0000000   0.0000000   0.0000000   0.0000000   2.2876539   2.2876539   2.2876539
 414.0000000   0.0000000   0.0000000   0.0000000   2.2876539   2.2876539   2.2876539
 416.0000000   0.0000000   0.0000000   0.0000000   2.2876539   2.2876539   2.2876539
 418.0000000   0.0000000   0.0000000   0.0000000   2.2876539   2.2876539   2.2876539
 420.0000000   0.0000000   0.0000000   0.0000000   2.2876539   2.2876539   2.2876539
 422.0000000   0.0000000   0.0000000   0.0000000   2.2876539   2.2876539   2.2876539
 424.0000000   0.0000000   0.0000000   0.0000000   2.2876539   2.2876539   2.2876539
 426.0000000   0.0000000   0.0000000   0.0000000   2.2876539   2.2876539   2.2876539
 428.0000000   0.0000000   0.0000000   0.0000000   2.2876539   2.2876539   2.2876539
 430.0000000   0.0000000   0.0000000   0.0000000   2.2876539   2.2876539   2.2876539
 432.0000000   0.0000000   0.0000000   0.0000000   2.2876539   2.2876539   2.2876539
 434.0000000   0.0000000   0.0000000   0.0000000   2.2876539   2.2876539   2.2876539
 436.0000000   0.0000000   0.0000000   0.0000000   2.2876539   2.2876539   2.2876539
 438.0000000   0.0000000   0.0000000   0.0000000   2.2876539   2.2876539   2.2876539
 440.0000000   0.0000000   0.0000000   0.0000000   2.2876539   2.2876539   2.2876539
 442.0000000   0.0000000   0.0000000   0.0000000   2.2876539   2.2876539   2.2876539
 444.0000000   0.0000000   0.0000000   0.0000000   2.2876539   2.2876539   2.2876539
 446.0000000   0.0000000   0.0000000   0.0000000   2.2876539   2.2876539   2.2876539
 448.0000000   0.0000000   0.0000000   0.0000000   2.2876539   2.2876539   2.2876539
 450.0000000   0.0000000   0.0000000   0.0000000   2.2876539   2.2876539   2.2876539
 452.0000000   0.0000000   0.0000000   0.0000000   2.2876539   2.2876539   2.2876539
 454.0000000   0.0000000   0.0000000   0.0000000   2.2876539   2.2876539   2.2876539
 456.0000000   0.0000000   0.0000000   0.0000000   2.2876539   2.2876539   2.2876539
 458.0000000   0.0000000   0.0000000   0.0000000   2.2876539   2.2876539   2.2876539
 460.0000000   0.0000000   0.0000000   0.0000000   2.2876539   2.2876539   2.2876539
 462.0000000   0.0000000   0.0000000   0.0000000   2.2876539   2.2876539   2.2876539
 464.0000000   0.0000000   0.0000000   0.0000000   2.2876539   2.2876539   2.2876539
 466.0000000   0.0000000   0.0000000   0.0000000   2.2876539   2.2876539   2.2876539
 468.0000000   0.0000000   0.0000000   0.0000000   2.2876539   2.2876539   2.2876539
 470.0000000   0.0000000   0.0000000   0.0000000   2.2876539   2.2876539   2.2876539
 472.0000000   0.0000000   0.0000000   0.0000000   2.2876539   2.2876539   2.2876539
 474.0000000   0.0000000   0.0000000   0.0000000   2.2876539   2.2876539   2.2876539
 476.0000000   0.0000000   0.0000000   0.0000000   2.2876539   2.2876539   2.2876539
 478.0000000   0.0000000   0.0000000   0.0000000   2.2876539   2.2876539   2.2876539
 480.0000000   0.0000000   0.0000000   0.0000000   2.2876539   2.2876539   2.2876539
 482.0000000   0.0000000   0.0000000   0.0000000   2.2876539   2.2876539   2.2876539
 484.0000000   0.0000000   0.0000000   0.0000000   2.2876539   2.2876539   2.2876539
 486.0000000   0.0000000   0.0000000   0.0000000   2.2876539   2.2876539   2.2876539
 488.0000000   0.0000000   0.0000000   0.0000000   2.2876539   2.2876539   2.2876539
 490.0000000   0.0000000   0.0000000   0.0000000   2.2876539   2.2876539   2.2876539
 492.0000000   0.0000000   0.0000000   0.0000000   2.2876539   2.2876539   2.2876539
 494.0000000   0.0000000   0.0000000   0.0000000   2.2876539   2.2876539   2.2876539
 496.0000000   0.0000000   0.0000000   0.0000000   2.2876539   2.2876539   2.2876539
 498.0000000   0.0000000   0.0000000   0.0000000   2.2876539   2.2876539   2.2876539
 500.0000000   0.0000000   0.0000000   0.0000000   2.2876539   2.2876539   2.2876539
 502.0000000   0.0000000   0.0000000   0.0000000   2.2876539   2.2876539   2.2876539
 504.0000000   0.0000000   0.0000000   0.0000000   2.2876539   2.2876539   2.2876539
 506.0000000   0.0000000   0.0000000   0.0000000   2.2876539   2.2876539   2.2876539
 508.0000000   0.0000000   0.0000000   0.0000000   2.2876539   2.2876539   2.2876539
 510.0000000   0.0000000   0.0000000   0.0000000   2.2876539   2.2876539   2.2876539
 512.0000000   0.0000000   0.0000000   0.0000000   2.2876539   2.2876539   2.2876539
 514.0000000   0.0000000   0.0000000   0.0000000   2.2876539   2.2876539   2.2876539
 516.0000000   0.0000000   0.0000000   0.0000000   2.2876539   2.2876539   2.2876539
 518.0000000   0.0000000   0.0000000   0.0000000   2.2876539   2.2876539   2.2876539
 520.0000000   0.0000000   0.0000000   0.0000000   2.2876539   2.2876539   2.2876539
 522.0000000   0.0000000   0.0000000   0.0000000   2.2876539   2.2876539   2.2876539
 524.0000000   0.0000000   0.0000000   0.0000000   2.2876539   2.2876539   2.2876539
 526.0000000   0.0000000   0.0000000   0.0000000   2.2876539   2.2876539   2.2876539
 528.0000000   0.0000000   0.0000000   0.0000000   2.2876539   2.2876539   2.2876539
 530.0000000   0.0000000   0.0000000   0.0000000   2.2876539   2.2876539   2.2876539
 532.0000000   0.0000000   0.0000000   0.0000000   2.2876539   2.2876539   2.2876539
 534.0000000   0.0000000   0.0000000   0.0000000   2.2876539   2.2876539   2.2876539
 536.0000000   0.0000000   0.0000000   0.0000000   2.2876539   2.2876539   2.2876539
 538.0000000   0.0000000   0.0000000   0.0000000   2.2876539   2.2876539   2.2876539
 540.0000000   0.0000000   0.0000000   0.0000000   2.2876539   2.2876539   2.2876539
 542.0000000   0.0000000   0.0000000   0.0000000   2.2876539   2.2876539   2.2876539
 544.0000000   0.0000000   0.0000000   0.0000000   2.2876539   2.2876539   2.2876539
 546.0000000   0.0000000   0.0000000   0.0000000   2.2876539   2.2876539   2.2876539
 548.0000000   0.0000000   0.0000000   0.0000000   2.2876539   2.2876539   2.2876539
 550.0000000   0.0000000   0.0000000   0.0000000   2.2876539   2.2876539   2.2876539
 552.0000000   0.0000000   0.0000000   0.0000000   2.2876539   2.2876539   2.2876539
 554.0000000   0.0000000   0.0000000   0.0000000   2.2876539   2.2876539   2.2876539
 556.0000000   0.0000000   0.0000000   0.0000000   2.2876539   2.2876539   2.2876539
 558.0000000   0.0000000   0.0000000   0.0000000   2.2876539   2.2876539   2.2876539
 560.0000000   0.0000000   0.0000000   0.0000000   2.2876539   2.2876539   2.2876539
 562.0000000   0.0000000   0.0000000   0.0000000   2.2876539   2.2876539   2.2876539
 564.0000000   0.0000000   0.0000000   0.0000000   2.2876539   2.2876539   2.2876539
 566.0000000   0.0000000   0.0000000   0.0000000   2.2876539   2.2876539   2.2876539
 568.0000000   0.0000000   0.0000000   0.0000000   2.2876539   2.2876539   2.2876539
 570.0000000   0.0000000   0.0000000   0.0000000   2.2876539   2.2876539   2.2876539
 572.0000000   0.0000000   0.0000000   0.0000000   2.2876539   2.2876539   2.2876539
 574.0000000   0.0000000   0.0000000   0.0000000   2.2876539   2.2876539   2.2876539
 576.0000000   0.0000000   0.0000000   0.0000000   2.2876539   2.2876539   2.2876539
 578.0000000   0.0000000   0.0000000   0.0000000   2.2876539   2.2876539   2.2876539
 580.0000000   0.0000000   0.0000000   0.0000000   2.2876539   2.2876539   2.2876539
 582.0000000   0.0000000   0.0000000   0.0000000   2.2876539   2.2876539   2.2876539
 584.0000000   0.0000000   0.0000000   0.0000000   2.2876539   2.2876539   2.2876539
 586.0000000   0.0000000   0.0000000   0.0000000   2.2876539   2.2876539   2.2876539
 588.0000000   0.0000000   0.0000000   0.0000000   2.2876539   2.2876539   2.2876539
 590.0000000   0.0000000   0.0000000   0.0000000   2.2876539   2.2876539   2.2876539
 592.0000000   0.0000000   0.0000000   0.0000000   2.2876539   2.2876539   2.2876539
 594.0000000   0.0000000   0.0000000   0.0000000   2.2876539   2.2876539   2.2876539
 596.0000000   0.0000000   0.0000000   0.0000000   2.2876539   2.2876539   2.2876539
 598.0000000   0.0000000   0.0000000   0.0000000   2.2876539   2.2876539   2.2876539
 600.0000000   0.0000000   0.0000000   0.0000000   2.2876539   2.2876539   2.2876539
 602.0000000   0.0000000   0.0000000   0.0000000   2.2876539   2.2876539   2.2876539
 604.0000000   0.0000000   0.0000000   0.0000000   2.2876539   2.2876539   2.2876539
 606.0000000   0.0000000   0.0000000   0.0000000   2.2876539   2.2876539   2.2876539
 608.0000000   0.0000000   0.0000000   0.0000000   2.2876539   2.2876539   2.2876539
 610.0000000   0.0000000   0.0000000   0.0000000   2.2876539   2.2876539   2.2876539
 612.0000000   0.0000000   0.0000000   0.0000000   2.2876539   2.2876539   2.2876539
 614.0000000   0.0000000   0.0000000   0.0000000   2.2876539   2.2876539   2.2876539
 616.0000000   0.0000000   0.0000000   0.0000000   2.2876539   2.2876539   2.2876539
 618.0000000   0.0000000   0.0000000   0.0000000   2.2876539   2.2876539   2.2876539
 620.0000000   0.0000000   0.0000000   0.0000000   2.2876539   2.2876539   2.2876539
 622.0000000   0.0000000   0.0000000   0.0000000   2.2876539   2.2876539   2.2876539
 624.0000000   0.0000000   0.0000000   0.0000000   2.2876539   2.2876539   2.2876539
 626.0000000   0.0000000   0.0000000   0.0000000   2.2876539   2.2876539   2.2876539
 628.0000000   0.0000000   0.0000000   0.0000000   2.2876539   2.2876539   2.2876539
 630.0000000   0.0000000   0.0000000   0.0000000   2.2876539   2.2876539   2.2876539
 632.0000000   0.0000000   0.0000000   0.0000000   2.2876539   2.2876539   2.2876539
 634.0000000   0.0000000   0.0000000   0.0000000   2.2876539   2.2876539   2.2876539
 636.0000000   0.0000000   0.0000000   0.0000000   2.2876539   2.2876539   2.2876539
 638.0000000   0.0000000   0.0000000   0.0000000   2.2876539   2.2876539   2.2876539
 640.0000000   0.0000000   0.0000000   0.0000000   2.2876539   2.2876539   2.2876539
 642.0000000   0.0000000   0.0000000   0.0000000   2.2876539   2.2876539   2.2876539
 644.0000000   0.0000000   0.0000000   0.0000000   2.2876539   2.2876539   2.2876539
 646.0000000   0.0000000   0.0000000   0.0000000   2.2876539   2.2876539   2.2876539
 648.0000000   0.0000000   0.0000000   0.0000000   2.2876539   2.2876539   2.2876539
 650.0000000   0.0000000   0.0000000   0.0000000   2.2876539   2.2876539   2.2876539
 652.0000000   0.0000000   0.0000000   0.0000000   2.2876539   2.2876539   2.2876539
 654.0000000   0.0000000   0.0000000   0.0000000   2.2876539   2.2876539   2.2876539
 656.0000000   0.0000000   0.0000000   0.0000000   2.2876539   2.2876539   2.2876539
 658.0000000   0.0000000   0.0000000   0.0000000   2.2876539   2.2876539   2.2876539
 660.0000000   0.0000000   0.0000000   0.0000000   2.2876539   2.2876539   2.2876539
 662.0000000   0.0000000   0.0000000   0.0000000   2.2876539   2.2876539   2.2876539
 664.0000000   0.0000000   0.0000000   0.0000000   2.2876539   2.2876539   2.2876539
 666.0000000   0.0000000   0.0000000   0.0000000   2.2876539   2.2876539   2.2876539
 668.0000000   0.0000000   0.0000000   0.0000000   2.2876539   2.2876539   2.2876539
 670.0000000   0.0000000   0.0000000   0.0000000   2.2876539   2.2876539   2.2876539
 672.0000000   0.0000000   0.0000000   0.0000000   2.2876539   2.2876539   2.2876539
 674.0000000   0.0000000   0.0000000   0.0000000   2.2876539   2.2876539   2.2876539
 676.0000000   0.0000000   0.0000000   0.0000000   2.2876539   2.2876539   2.2876539
 678.0000000   0.0000000   0.0000000   0.0000000   2.2876539   2.2876539   2.2876539
 680.0000000   0.0000000   0.0000000   0.0000000   2.2876539   2.2876539   2.2876539
 682.0000000   0.0000000   0.0000000   0.0000000   2.2876539   2.2876539   2.2876539
 684.0000000   0.0000000   0.0000000   0.0000000   2.2876539   2.2876539   2.2876539
 686.0000000   0.0000000   0.0000000   0.0000000   2.2876539   2.2876539   2.2876539
 688.0000000   0.0000000   0.0000000   0.0000000   2.2876539   2.2876539   2.2876539
 690.0000000   0.0000000   0.0000000   0.0000000   2.2876539   2.2876539   2.2876539
 692.0000000   0.0000000   0.0000000   0.0000000   2.2876539   2.2876539   2.2876539
 694.0000000   0.0000000   0.0000000   0.0000000   2.2876539   2.2876539   2.2876539
 696.0000000   0.0000000   0.0000000   0.0000000   2.2876539   2.2876539   2.2876539
 698.0000000   0.0000000   0.0000000   0.0000000   2.2876539   2.2876539   2.2876539
 700.0000000   0.0000000   0.0000000   0.0000000   2.2876539   2.2876539   2.2876539
 702.0000000   0.0000000   0.0000000   0.0000000   2.2876539   2.2876539   2.2876539
 704.0000000   0.0000000   0.0000000   0.0000000   2.2876539   2.2876539   2.2876539
 706.0000000   0.0000000   0.0000000   0.0000000   2.2876539   2.2876539   2.2876539
 708.0000000   0.0000000   0.0000000   0.0000000   2.2876539   2.2876539   2.2876539
 710.0000000   0.0000000   0.0000000   0.0000000   2.2876539   2.2876539   2.2876539
 712.0000000   0.0000000   0.0000000   0.0000000   2.2876539   2.2876539   2.2876539
 714.0000000   0.0000000   0.0000000   0.0000000   2.2876539   2.2876539   2.2876539
 716.0000000   0.0000000   0.0000000   0.0000000   2.2876539   2.2876539   2.2876539
 718.0000000   0.0000000   0.0000000   0.0000000   2.2876539   2.2876539   2.2876539
 720.0000000   0.0000000   0.0000000   0.0000000   2.2876539   2.2876539   2.2876539
 722.0000000   0.0000000   0.0000000   0.0000000   2.2876539   2.2876539   2.2876539
 724.0000000   0.0000000   0.0000000   0.0000000   2.2876539   2.2876539   2.2876539
 726.0000000   0.0000000   0.0000000   0.0000000   2.2876539   2.2876539   2.2876539
 728.0000000   0.0000000   0.0000000   0.0000000   2.2876539   2.2876539   2.2876539
 730.0000000   0.0000000   0.0000000   0.0000000   2.2876539   2.2876539   2.2876539
 732.0000000   0.0000000   0.0000000   0.0000000   2.2876539   2.2876539   2.2876539
 734.0000000   0.0000000   0.0000000   0.0000000   2.2876539   2.2876539   2.2876539
 736.0000000   0.0000000   0.0000000   0.0000000   2.2876539   2.2876539   2.2876539
 738.0000000   0.0000000   0.0000000   0.0000000   2.2876539   2.2876539   2.2876539
 740.0000000   0.0000000   0.0000000   0.0000000   2.2876539   2.2876539   2.2876539
 742.0000000   0.0000000   0.0000000   0.0000000   2.2876539   2.2876539   2.2876539
 744.0000000   0.0000000   0.0000000   0.0000000   2.2876539   2.2876539   2.2876539
 746.0000000   0.0000000   0.0000000   0.0000000   2.2876539   2.2876539   2.2876539
 748.0000000   0.0000000   0.0000000   0.0000000   2.2876539   2.2876539   2.2876539
 750.0000000   0.0000000   0.0000000   0.0000000   2.2876539   2.2876539   2.2876539
 752.0000000   0.0000000   0.0000000   0.0000000   2.2876539   2.2876539   2.2876539
 754.0000000   0.0000000   0.0000000   0.0000000   2.2876539   2.2876539   2.2876539
 756.0000000   0.0000000   0.0000000   0.0000000   2.2876539   2.2876539   2.2876539
 758.0000000   0.0000000   0.0000000   0.0000000   2.2876539   2.2876539   2.2876539
 760.0000000   0.0000000   0.0000000   0.0000000   2.2876539   2.2876539   2.2876539
 762.0000000   0.0000000   0.0000000   0.0000000   2.2876539   2.2876539   2.2876539
 764.0000000   0.0000000   0.0000000   0.0000000   2.2876539   2.2876539   2.2876539
 766.0000000   0.0000000   0.0000000   0.0000000   2.2876539   2.2876539   2.2876539
 768.0000000   0.0000000   0.0000000   0.0000000   2.2876539   2.2876539   2.2876539
 770.0000000   0.0000000   0.0000000   0.0000000   2.2876539   2.2876539   2.2876539
 772.0000000   0.0000000   0.0000000   0.0000000   2.2876539   2.2876539   2.2876539
 774.0000000   0.0000000   0.0000000   0.0000000   2.2876539   2.2876539   2.2876539
 776.0000000   0.0000000   0.0000000   0.0000000   2.2876539   2.2876539   2.2876539
 778.0000000   0.0000000   0.0000000   0.0000000   2.2876539   2.2876539   2.2876539
 780.0000000   0.0000000   0.0000000   0.0000000   2.2876539   2.2876539   2.2876539
 782.0000000   0.0000000   0.0000000   0.0000000   2.2876539   2.2876539   2.2876539
 784.0000000   0.0000000   0.0000000   0.0000000   2.2876539   2.2876539   2.2876539
 786.0000000   0.0000000   0.0000000   0.0000000   2.2876539   2.2876539   2.2876539
 788.0000000   0.0000000   0.0000000   0.0000000   2.2876539   2.2876539   2.2876539
 790.0000000   0.0000000   0.0000000   0.0000000   2.2876539   2.2876539   2.2876539
 792.0000000   0.0000000   0.0000000   0.0000000   2.2876539   2.2876539   2.2876539
 794.0000000   0.0000000   0.0000000   0.0000000   2.2876539   2.2876539   2.2876539
 796.0000000   0.0000000   0.0000000   0.0000000   2.2876539   2.2876539   2.2876539
 798.0000000   0.0000000   0.0000000   0.0000000   2.2876539   2.2876539   2.2876539
 800.0000000   0.0000000   0.0000000   0.0000000   2.2876539   2.2876539   2.2876539
 802.0000000   0.0000000   0.0000000   0.0000000   2.2876539   2.2876539   2.2876539
 804.0000000   0.0000000   0.0000000   0.0000000   2.2876539   2.2876539   2.2876539
 806.0000000   0.0000000   0.0000000   0.0000000   2.2876539   2.2876539   2.2876539
 808.0000000   0.0000000   0.0000000   0.0000000   2.2876539   2.2876539   2.2876539
 810.0000000   0.0000000   0.0000000   0.0000000   2.2876539   2.2876539   2.2876539
 812.0000000   0.0000000   0.0000000   0.0000000   2.2876539   2.2876539   2.2876539
 814.0000000   0.0000000   0.0000000   0.0000000   2.2876539   2.2876539   2.2876539
 816.0000000   0.0000000   0.0000000   0.0000000   2.2876539   2.2876539   2.2876539
 818.0000000   0.0000000   0.0000000   0.0000000   2.2876539   2.2876539   2.2876539
 820.0000000   0.0000000   0.0000000   0.0000000   2.2876539   2.2876539   2.2876539
 822.0000000   0.0000000   0.0000000   0.0000000   2.2876539   2.2876539   2.2876539
 824.0000000   0.0000000   0.0000000   0.0000000   2.2876539   2.2876539   2.2876539
 826.0000000   0.0000000   0.0000000   0.0000000   2.2876539   2.2876539   2.2876539
 828.0000000   0.0000000   0.0000000   0.0000000   2.2876539   2.2876539   2.2876539
 830.0000000   0.0000000   0.0000000   0.0000000   2.2876539   2.2876539   2.2876539
 832.0000000   0.0000000   0.0000000   0.0000000   2.2876539   2.2876539   2.2876539
 834.0000000   0.0000000   0.0000000   0.0000000   2.2876539   2.2876539   2.2876539
 836.0000000   0.0000000   0.0000000   0.0000000   2.2876539   2.2876539   2.2876539
 838.0000000   0.0000000   0.0000000   0.0000000   2.2876539   2.2876539   2.2876539
 840.0000000   0.0000000   0.0000000   0.0000000   2.2876539   2.2876539   2.2876539
 842.0000000   0.0000000   0.0000000   0.0000000   2.2876539   2.2876539   2.2876539
 844.0000000   0.0000000   0.0000000   0.0000000   2.2876539   2.2876539   2.2876539
 846.0000000   0.0000000   0.0000000   0.0000000   2.2876539   2.2876539   2.2876539
 848.0000000   0.0000000   0.0000000   0.0000000   2.2876539   2.2876539   2.2876539
 850.0000000   0.0000000   0.0000000   0.0000000   2.2876539   2.2876539   2.2876539
 852.0000000   0.0000000   0.0000000   0.0000000   2.2876539   2.2876539   2.2876539
 854.0000000   0.0000000   0.0000000   0.0000000   2.2876539   2.2876539   2.2876539
 856.0000000   0.0000000   0.0000000   0.0000000   2.2876539   2.2876539   2.2876539
 858.0000000   0.0000000   0.0000000   0.0000000   2.2876539   2.2876539   2.2876539
 860.0000000   0.0000000   0.0000000   0.0000000   2.2876539   2.2876539   2.2876539
 862.0000000   0.0000000   0.0000000   0.0000000   2.2876539   2.2876539   2.2876539
 864.0000000   0.0000000   0.0000000   0.0000000   2.2876539   2.2876539   2.2876539
 866.0000000   0.0000000   0.0000000   0.0000000   2.2876539   2.2876539   2.2876539
 868.0000000   0.0000000   0.0000000   0.0000000   2.2876539   2.2876539   2.2876539
 870.0000000   0.0000000   0.0000000   0.0000000   2.2876539   2.2876539   2.2876539
 872.0000000   0.0000000   0.0000000   0.0000000   2.2876539   2.2876539   2.2876539
 874.0000000   0.0000000   0.0000000   0.0000000   2.2876539   2.2876539   2.2876539
 876.0000000   0.0000000   0.0000000   0.0000000   2.2876539   2.2876539   2.2876539
 878.0000000   0.0000000   0.0000000   0.0000000   2.2876539   2.2876539   2.2876539
 880.0000000   0.0000000   0.0000000   0.0000000   2.2876539   2.2876539   2.2876539
 882.0000000   0.0000000   0.0000000   0.0000000   2.2876539   2.2876539   2.2876539
 884.0000000   0.0000000   0.0000000   0.0000000   2.2876539   2.2876539   2.2876539
 886.0000000   0.0000000   0.0000000   0.0000000   2.2876539   2.2876539   2.2876539
 888.0000000   0.0000000   0.0000000   0.0000000   2.2876539   2.2876539   2.2876539
 890.0000000   0.0000000   0.0000000   0.0000000   2.2876539   2.2876539   2.2876539
 892.0000000   0.0000000   0.0000000   0.0000000   2.2876539   2.2876539   2.2876539
 894.0000000   0.0000000   0.0000000   0.0000000   2.2876539   2.2876539   2.2876539
 896.0000000   0.0000000   0.0000000   0.0000000   2.2876539   2.2876539   2.2876539
 898.0000000   0.0000000   0.0000000   0.0000000   2.2876539   2.2876539   2.2876539
 900.0000000   0.0000000   0.0000000   0.0000000   2.2876539   2.2876539   2.2876539
 902.0000000   0.0000000   0.0000000   0.0000000   2.2876539   2.2876539   2.2876539
 904.0000000   0.0000000   0.0000000   0.0000000   2.2876539   2.2876539   2.2876539
 906.0000000   0.0000000   0.0000000   0.0000000   2.2876539   2.2876539   2.2876539
 908.0000000   0.0000000   0.0000000   0.0000000   2.2876539   2.2876539   2.2876539
 910.0000000   0.0000000   0.0000000   0.0000000   2.2876539   2.2876539   2.2876539
 912.0000000   0.0000000   0.0000000   0.0000000   2.2876539   2.2876539   2.2876539
 914.0000000   0.0000000   0.0000000   0.0000000   2.2876539   2.2876539   2.2876539
 916.0000000   0.0000000   0.0000000   0.0000000   2.2876539   2.2876539   2.2876539
 918.0000000   0.0000000   0.0000000   0.0000000   2.2876539   2.2876539   2.2876539
 920.0000000   0.0000000   0.0000000   0.0000000   2.2876539   2.2876539   2.2876539
 922.0000000   0.0000000   0.0000000   0.0000000   2.2876539   2.2876539   2.2876539
 924.0000000   0.0000000   0.0000000   0.0000000   2.2876539   2.2876539   2.2876539
 926.0000000   0.0000000   0.0000000   0.0000000   2.2876539   2.2876539   2.2876539
 928.0000000   0.0000000   0.0000000   0.0000000   2.2876539   2.2876539   2.2876539
 930.0000000   0.0000000   0.0000000   0.0000000   2.2876539   2.2876539   2.2876539
 932.0000000   0.0000000   0.0000000   0.0000000   2.2876539   2.2876539   2.2876539
 934.0000000   0.0000000   0.0000000   0.0000000   2.2876539   2.2876539   2.2876539
 936.0000000   0.0000000   0.0000000   0.0000000   2.2876539   2.2876539   2.2876539
 938.0000000   0.0000000   0.0000000   0.0000000   2.2876539   2.2876539   2.2876539
 940.0000000   0.0000000   0.0000000   0.0000000   2.2876539   2.2876539   2.2876539
 942.0000000   0.0000000   0.0000000   0.0000000   2.2876539   2.2876539   2.2876539
 944.0000000   0.0000000   0.0000000   0.0000000   2.2876539   2.2876539   2.2876539
 946.0000000   0.0000000   0.0000000   0.0000000   2.2876539   2.2876539   2.2876539
 948.0000000   0.0000000   0.0000000   0.0000000   2.2876539   2.2876539   2.2876539
 950.0000000   0.0000000   0.0000000   0.0000000   2.2876539   2.2876539   2.2876539
 952.0000000   0.0000000   0.0000000   0.0000000   2.2876539   2.2876539   2.2876539
 954.0000000   0.0000000   0.0000000   0.0000000   2.2876539   2.2876539   2.2876539
 956.0000000   0.0000000   0.0000000   0.0000000   2.2876539   2.2876539   2.2876539
 958.0000000   0.0000000   0.0000000   0.0000000   2.2876539   2.2876539   2.2876539
 960.0000000   0.0000000   0.0000000   0.0000000   2.2876539   2.2876539   2.2876539
 962.0000000   0.0000000   0.0000000   0.0000000   2.2876539   2.2876539   2.2876539
 964.0000000   0.0000000   0.0000000   0.0000000   2.2876539   2.2876539   2.2876539
 966.0000000   0.0000000   0.0000000   0.0000000   2.2876539   2.2876539   2.2876539
 968.0000000   0.0000000   0.0000000   0.0000000   2.2876539   2.2876539   2.2876539
 970.0000000   0.0000000   0.0000000   0.0000000   2.2876539   2.2876539   2.2876539
 972.0000000   0.0000000   0.0000000   0.0000000   2.2876539   2.2876539   2.2876539
 974.0000000   0.0000000   0.0000000   0.0000000   2.2876539   2.2876539   2.2876539
 976.0000000   0.0000000   0.0000000   0.0000000   2.2876539   2.2876539   2.2876539
 978.0000000   0.0000000   0.0000000   0.0000000   2.2876539   2.2876539   2.2876539
 980.0000000   0.0000000   0.0000000   0.0000000   2.2876539   2.2876539   2.2876539
 982.0000000   0.0000000   0.0000000   0.0000000   2.2876539   2.2876539   2.2876539
 984.0000000   0.0000000   0.0000000   0.0000000   2.2876539   2.2876539   2.2876539
 986.0000000   0.0000000   0.0000000   0.0000000   2.2876539   2.2876539   2.2876539
 988.0000000   0.0000000   0.0000000   0.0000000   2.2876539   2.2876539   2.2876539
 990.0000000   0.0000000   0.0000000   0.0000000   2.2876539   2.2876539   2.2876539
 992.0000000   0.0000000   0.0000000   0.0000000   2.2876539   2.2876539   2.2876539
 994.0000000   0.0000000   0.0000000   0.0000000   2.2876539   2.2876539   2.2876539
 996.0000000   0.0000000   0.0000000   0.0000000   2.2876539   2.2876539   2.2876539
 998.0000000   0.0000000   0.0000000   0.0000000   2.2876539   2.2876539   2.2876539
1000.0000000   0.0000000   0.0000000   0.0000000   2.2876539   2.2876539   2.2876539
1002.0000000   0.0000000   0.0000000   0.0000000   2.2876539   2.2876539   2.2876539
1004.0000000   0.0000000   0.0000000   0.0000000   2.2876539   2.2876539   2.2876539
1006.0000000   0.0000000   0.0000000   0.0000000   2.2876539   2.2876539   2.2876539
1008.0000000   0.0000000   0.0000000   0.0000000   2.2876539   2.2876539   2.2876539
1010.0000000   0.0000000   0.0000000   0.0000000   2.2876539   2.2876539   2.2876539
1012.0000000   0.0000000   0.0000000   0.0000000   2.2876539   2.2876539   2.2876539
1014.0000000   0.0000000   0.0000000   0.0000000   2.2876539   2.2876539   2.2876539
1016.0000000   0.0000000   0.0000000   0.0000000   2.2876539   2.2876539   2.2876539
1018.0000000   0.0000000   0.0000000   0.0000000   2.2876539   2.2876539   2.2876539
1020.0000000   0.0000000   0.0000000   0.0000000   2.2876539   2.2876539   2.2876539
1022.0000000   0.0000000   0.0000000   0.0000000   2.2876539   2.2876539   2.2876539
1024.0000000   0.0000000   0.0000000   0.0000000   2.2876539   2.2876539   2.2876539
1026.0000000   0.0000000   0.0000000   0.0000000   2.2876539   2.2876539   2.2876539
1028.0000000   0.0000000   0.0000000   0.0000000   2.2876539   2.2876539   2.2876539
1030.0000000   0.0000000   0.0000000   0.0000000   2.2876539   2.2876539   2.2876539
1032.0000000   0.0000000   0.0000000   0.0000000   2.2876539   2.2876539   2.2876539
1034.0000000   0.0000000   0.0000000   0.0000000   2.2876539   2.2876539   2.2876539
1036.0000000   0.0000000   0.0000000   0.0000000   2.2876539   2.2876539   2.2876539
1038.0000000   0.0000000   0.0000000   0.0000000   2.2876539   2.2876539   2.2876539
1040.0000000   0.0000000   0.0000000   0.0000000   2.2876539   2.2876539   2.2876539
1042.0000000   0.0000000   0.0000000   0.0000000   2.2876539   2.2876539   2.2876539
1044.0000000   0.0000000   0.0000000   0.0000000   2.2876539   2.2876539   2.2876539
1046.0000000   0.0000000   0.0000000   0.0000000   2.2876539   2.2876539   2.2876539
1048.0000000   0.0000000   0.0000000   0.0000000   2.2876539   2.2876539   2.2876539
1050.0000000   0.0000000   0.0000000   0.0000000   2.2876539   2.2876539   2.2876539
1052.0000000   0.0000000   0.0000000   0.0000000   2.2876539   2.2876539   2.2876539
1054.0000000   0.0000000   0.0000000   0.0000000   2.2876539   2.2876539   2.2876539
1056.0000000   0.0000000   0.0000000   0.0000000   2.2876539   2.2876539   2.2876539
1058.0000000   0.0000000   0.0000000   0.0000000   2.2876539   2.2876539   2.2876539
1060.0000000   0.0000000   0.0000000   0.0000000   2.2876539   2.2876539   2.2876539
1062.0000000   0.0000000   0.0000000   0.0000000   2.2876539   2.2876539   2.2876539
1064.0000000   0.0000000   0.0000000   0.0000000   2.2876539   2.2876539   2.2876539
1066.0000000   0.0000000   0.0000000   0.0000000   2.2876539   2.2876539   2.2876539
1068.0000000   0.0000000   0.0000000   0.0000000   2.2876539   2.2876539   2.2876539
1070.0000000   0.0000000   0.0000000   0.0000000   2.2876539   2.2876539   2.2876539
1072.0000000   0.0000000   0.0000000   0.0000000   2.2876539   2.2876539   2.2876539
1074.0000000   0.0000000   0.0000000   0.0000000   2.2876539   2.2876539   2.2876539
1076.0000000   0.0000000   0.0000000   0.0000000   2.2876539   2.2876539   2.2876539
1078.0000000   0.0000000   0.0000000   0.0000000   2.2876539   2.2876539   2.2876539
1080.0000000   0.0000000   0.0000000   0.0000000   2.2876539   2.2876539   2.2876539
1082.0000000   0.0000000   0.0000000   0.0000000   2.2876539   2.2876539   2.2876539
1084.0000000   0.0000000   0.0000000   0.0000000   2.2876539   2.2876539   2.2876539
1086.0000000   0.0000000   0.0000000   0.0000000   2.2876539   2.2876539   2.2876539
1088.0000000   0.0000000   0.0000000   0.0000000   2.2876539   2.2876539   2.2876539
1090.0000000   0.0000000   0.0000000   0.0000000   2.2876539   2.2876539   2.2876539
1092.0000000   0.0000000   0.0000000   0.0000000   2.2876539   2.2876539   2.2876539
1094.0000000   0.0000000   0.0000000   0.0000000   2.2876539   2.2876539   2.2876539
1096.0000000   0.0000000   0.0000000   0.0000000   2.2876539   2.2876539   2.2876539
1098.0000000   0.0000000   0.0000000   0.0000000   2.2876539   2.2876539   2.2876539
1100.0000000   0.0000000   0.0000000   0.0000000   2.2876539   2.2876539   2.2876539
1102.0000000   0.0000000   0.0000000   0.0000000   2.2876539   2.2876539   2.2876539
1104.0000000   0.0000000   0.0000000   0.0000000   2.2876539   2.2876539   2.2876539
1106.0000000   0.0000000   0.0000000   0.0000000   2.2876539   2.2876539   2.2876539
1108.0000000   0.0000000   0.0000000   0.0000000   2.2876539   2.2876539   2.2876539
1110.0000000   0.0000000   0.0000000   0.0000000   2.2876539   2.2876539   2.2876539
1112.0000000   0.0000000   0.0000000   0.0000000   2.2876539   2.2876539   2.2876539
1114.0000000   0.0000000   0.0000000   0.0000000   2.2876539   2.2876539   2.2876539
1116.0000000   0.0000000   0.0000000   0.0000000   2.2876539   2.2876539   2.2876539
1118.0000000   0.0000000   0.0000000   0.0000000   2.2876539   2.2876539   2.2876539
1120.0000000   0.0000000   0.0000000   0.0000000   2.2876539   2.2876539   2.2876539
1122.0000000   0.0000000   0.0000000   0.0000000   2.2876539   2.2876539   2.2876539
1124.0000000   0.0000000   0.0000000   0.0000000   2.2876539   2.2876539   2.2876539
1126.0000000   0.0000000   0.0000000   0.0000000   2.2876539   2.2876539   2.2876539
1128.0000000   0.0000000   0.0000000   0.0000000   2.2876539   2.2876539   2.2876539
1130.0000000   0.0000000   0.0000000   0.0000000   2.2876539   2.2876539   2.2876539
1132.0000000   0.0000000   0.0000000   0.0000000   2.2876539   2.2876539   2.2876539
1134.0000000   0.0000000   0.0000000   0.0000000   2.2876539   2.2876539   2.2876539
1136.0000000   0.0000000   0.0000000   0.0000000   2.2876539   2.2876539   2.2876539
1138.0000000   0.0000000   0.0000000   0.0000000   2.2876539   2.2876539   2.2876539
1140.0000000   0.0000000   0.0000000   0.0000000   2.2876539   2.2876539   2.2876539
1142.0000000   0.0000000   0.0000000   0.0000000   2.2876539   2.2876539   2.2876539
1144.0000000   0.0000000   0.0000000   0.0000000   2.2876539   2.2876539   2.2876539
1146.0000000   0.0000000   0.0000000   0.0000000   2.2876539   2.2876539   2.2876539
1148.0000000   0.0000000   0.0000000   0.0000000   2.2876539   2.2876539   2.2876539
1150.0000000   0.0000000   0.0000000   0.0000000   2.2876539   2.2876539   2.2876539
1152.0000000   0.0000000   0.0000000   0.0000000   2.2876539   2.2876539   2.2876539
1154.0000000   0.0000000   0.0000000   0.0000000   2.2876539   2.2876539   2.2876539
1156.0000000   0.0000000   0.0000000   0.0000000   2.2876539   2.2876539   2.2876539
1158.0000000   0.0000000   0.0000000   0.0000000   2.2876539   2.2876539   2.2876539
1160.0000000   0.0000000   0.0000000   0.0000000   2.2876539   2.2876539   2.2876539
1162.0000000   0.0000000   0.0000000   0.0000000   2.2876539   2.2876539   2.2876539
1164.0000000   0.0000000   0.0000000   0.0000000   2.2876539   2.2876539   2.2876539
1166.0000000   0.0000000   0.0000000   0.0000000   2.2876539   2.2876539   2.2876539
1168.0000000   0.0000000   0.0000000   0.0000000   2.2876539   2.2876539   2.2876539
1170.0000000   0.0000000   0.0000000   0.0000000   2.2876539   2.2876539   2.2876539
1172.0000000   0.0000000   0.0000000   0.0000000   2.2876539   2.2876539   2.2876539
1174.0000000   0.0000000   0.0000000   0.0000000   2.2876539   2.2876539   2.2876539
1176.0000000   0.0000000   0.0000000   0.0000000   2.2876539   2.2876539   2.2876539
1178.0000000   0.0000000   0.0000000   0.0000000   2.2876539   2.2876539   2.2876539
1180.0000000   0.0000000   0.0000000   0.0000000   2.2876539   2.2876539   2.2876539
1182.0000000   0.0000000   0.0000000   0.0000000   2.2876539   2.2876539   2.2876539
1184.0000000   0.0000000   0.0000000   0.0000000   2.2876539   2.2876539   2.2876539
1186.0000000   0.0000000   0.0000000   0.0000000   2.2876539   2.2876539   2.2876539
1188.0000000   0.0000000   0.0000000   0.0000000   2.2876539   2.2876539   2.2876539
1190.0000000   0.0000000   0.0000000   0.0000000   2.2876539   2.2876539   2.2876539
1192.0000000   0.0000000   0.0000000   0.0000000   2.2876539   2.2876539   2.2876539
1194.0000000   0.0000000   0.0000000   0.0000000   2.2876539   2.2876539   2.2876539
1196.0000000   0.0000000   0.0000000   0.0000000   2.2876539   2.2876539   2.2876539
1198.0000000   0.0000000   0.0000000   0.0000000   2.2876539   2.2876539   2.2876539
