 -46.0000000   0.0000000   0.0000000   0.0000000   0.0000000   0.0000000   0.0000000
 -44.0000000   0.0000000   0.0000000   0.0000000   0.0000000   0.0000000   0.0000000
 -42.0000000   0.0000000   0.0000000   0.0000000   0.0000000   0.0000000   0.0000000
 -40.0000000   0.0000000   0.0000000   0.0000000   0.0000000   0.0000000   0.0000000
 -38.0000000   0.0000000   0.0000000   0.0000000   0.0000000   0.0000000   0.0000000
 -36.0000000   0.0000000   0.0000000   0.0000000   0.0000000   0.0000000   0.0000000
 -34.0000000   0.0000000   0.0000000   0.0000000   0.0000000   0.0000000   0.0000000
 -32.0000000   0.0000000   0.0000000   0.0000000   0.0000000   0.0000000   0.0000000
 -30.0000000   0.0000000   0.0000000   0.0000000   0.0000000   0.0000000   0.0000000
 -28.0000000   0.0000000   0.0000000   0.0000000   0.0000000   0.0000000   0.0000000
 -26.0000000   0.0000000   0.0000000   0.0000000   0.0000000   0.0000000   0.0000000
 -24.0000000   0.0000000   0.0000000   0.0000000   0.0000000   0.0000000   0.0000000
 -22.0000000   0.0000000   0.0000000   0.0000000   0.0000000   0.0000000   0.0000000
 -20.0000000   0.0000000   0.0000000   0.0000000   0.0000000   0.0000000   0.0000000
 -18.0000000   0.0000000   0.0000000   0.0000000   0.0000000   0.0000000   0.0000000
 -16.0000000   0.0000000   0.0000000   0.0000000   0.0000000   0.0000000   0.0000000
 -14.0000000   0.0000020   0.0000020   0.0000020   0.0000040   0.0000040   0.0000040
 -12.0000000   0.0000050   0.0000050   0.0000050   0.0000140   0.0000140   0.0000140
 -10.0000000   0.0000160   0.0000160   0.0000160   0.0000460   0.0000460   0.0000460
  -8.0000000   0.0000290   0.0000290   0.0000290   0.0001040   0.0001040   0.0001040
  -6.0000000   0.0000460   0.0000460   0.0000460   0.0001960   0.0001960   0.0001960
  -4.0000000   0.0000680   0.0000680   0.0000680   0.0003320   0.0003320   0.0003320
  -2.0000000   0.0000890   0.0000890   0.0000890   0.0005100   0.0005100   0.0005100
   0.0000000   0.0001100   0.0001100   0.0001100   0.0007300   0.0007300   0.0007300
   2.0000000   0.0001330   0.0001330   0.0001330   0.0009960   0.0009960   0.0009960
   4.0000000   0.0001770   0.0001770   0.0001770   0.0013500   0.0013500   0.0013500
   6.0000000   0.0002520   0.0002520   0.0002520   0.0018540   0.0018540   0.0018540
   8.0000000   0.0001850   0.0001850   0.0001850   0.0022240   0.0022240   0.0022240
  10.0000000   0.0001210   0.0001210   0.0001210   0.0024660   0.0024660   0.0024660
  12.0000000   0.0000910   0.0000910   0.0000910   0.0026480   0.0026480   0.0026480
  14.0000000   0.0000660   0.0000660   0.0000660   0.0027800   0.0027800   0.0027800
  16.0000000   0.0000540   0.0000540   0.0000540   0.0028880   0.0028880   0.0028880
  18.0000000   0.0000440   0.0000440   0.0000440   0.0029760   0.0029760   0.0029760
  20.0000000   0.0000730   0.0000730   0.0000730   0.0031220   0.0031220   0.0031220
  22.0000000   0.0000990   0.0000990   0.0000990   0.0033200   0.0033200   0.0033200
  24.0000000   0.0001640   0.0001640   0.0001640   0.0036480   0.0036480   0.0036480
  26.0000000   0.0002000   0.0002000   0.0002000   0.0040480   0.0040480   0.0040480
  28.0000000   0.0002570   0.0002570   0.0002570   0.0045620   0.0045620   0.0045620
  30.0000000   0.0003290   0.0003290   0.0003290   0.0052200   0.0052200   0.0052200
  32.0000000   0.0004690   0.0004690   0.0004690   0.0061580   0.0061580   0.0061580
  34.0000000   0.0007610   0.0007610   0.0007610   0.0076800   0.0076800   0.0076800
  36.0000000   0.0014040   0.0014040   0.0014040   0.0104880   0.0104880   0.0104880
  38.0000000   0.0014670   0.0014670   0.0014670   0.0134220   0.0134220   0.0134220
  40.0000000   0.0016340   0.0016340   0.0016340   0.0166900   0.0166900   0.0166900
  42.0000000   0.0020320   0.0020320   0.0020320   0.0207540   0.0207540   0.0207540
  44.0000000   0.0025510   0.0025510   0.0025510   0.0258560   0.0258560   0.0258560
  46.0000000   0.0031770   0.0031770   0.0031770   0.0322100   0.0322100   0.0322100
  48.0000000   0.0039860   0.0039860   0.0039860   0.0401820   0.0401820   0.0401820
  50.0000000   0.0043690   0.0043690   0.0043690   0.0489200   0.0489200   0.0489200
  52.0000000   0.0049960   0.0049960   0.0049960   0.0589120   0.0589120   0.0589120
  54.0000000   0.0039010   0.0039010   0.0039010   0.0667140   0.0667140   0.0667140
  56.0000000   0.0039230   0.0039230   0.0039230   0.0745600   0.0745600   0.0745600
  58.0000000   0.0044530   0.0044530   0.0044530   0.0834660   0.0834660   0.0834660
  60.0000000   0.0050060   0.0050060   0.0050060   0.0934780   0.0934780   0.0934780
  62.0000000   0.0055960   0.0055960   0.0055960   0.1046700   0.1046700   0.1046700
  64.0000000   0.0070300   0.0070300   0.0070300   0.1187300   0.1187300   0.1187300
  66.0000000   0.0054740   0.0054740   0.0054740   0.1296780   0.1296780   0.1296780
  68.0000000   0.0063140   0.0063140   0.0063140   0.1423060   0.1423060   0.1423060
  70.0000000   0.0067030   0.0067030   0.0067030   0.1557120   0.1557120   0.1557120
  72.0000000   0.0074580   0.0074580   0.0074580   0.1706280   0.1706280   0.1706280
  74.0000000   0.0080290   0.0080290   0.0080290   0.1866860   0.1866860   0.1866860
  76.0000000   0.0087510   0.0087510   0.0087510   0.2041880   0.2041880   0.2041880
  78.0000000   0.0100540   0.0100540   0.0100540   0.2242960   0.2242960   0.2242960
  80.0000000   0.0085080   0.0085080   0.0085080   0.2413120   0.2413120   0.2413120
  82.0000000   0.0081100   0.0081100   0.0081100   0.2575320   0.2575320   0.2575320
  84.0000000   0.0083440   0.0083440   0.0083440   0.2742200   0.2742200   0.2742200
  86.0000000   0.0092110   0.0092110   0.0092110   0.2926420   0.2926420   0.2926420
  88.0000000   0.0093300   0.0093300   0.0093300   0.3113020   0.3113020   0.3113020
  90.0000000   0.0099970   0.0099970   0.0099970   0.3312960   0.3312960   0.3312960
  92.0000000   0.0107100   0.0107100   0.0107100   0.3527160   0.3527160   0.3527160
  94.0000000   0.0083850   0.0083850   0.0083850   0.3694860   0.3694860   0.3694860
  96.0000000   0.0082350   0.0082350   0.0082350   0.3859560   0.3859560   0.3859560
  98.0000000   0.0083270   0.0083270   0.0083270   0.4026100   0.4026100   0.4026100
 100.0000000   0.0088680   0.0088680   0.0088680   0.4203460   0.4203460   0.4203460
 102.0000000   0.0080460   0.0080460   0.0080460   0.4364380   0.4364380   0.4364380
 104.0000000   0.0071250   0.0071250   0.0071250   0.4506880   0.4506880   0.4506880
 106.0000000   0.0064670   0.0064670   0.0064670   0.4636220   0.4636220   0.4636220
 108.0000000   0.0064690   0.0064690   0.0064690   0.4765600   0.4765600   0.4765600
 110.0000000   0.0070370   0.0070370   0.0070370   0.4906340   0.4906340   0.4906340
 112.0000000   0.0065600   0.0065600   0.0065600   0.5037540   0.5037540   0.5037540
 114.0000000   0.0049450   0.0049450   0.0049450   0.5136440   0.5136440   0.5136440
 116.0000000   0.0040350   0.0040350   0.0040350   0.5217140   0.5217140   0.5217140
 118.0000000   0.0046420   0.0046420   0.0046420   0.5309980   0.5309980   0.5309980
 120.0000000   0.0040980   0.0040980   0.0040980   0.5391940   0.5391940   0.5391940
 122.0000000   0.0051900   0.0051900   0.0051900   0.5495740   0.5495740   0.5495740
 124.0000000   0.0017100   0.0017100   0.0017100   0.5529940   0.5529940   0.5529940
 126.0000000   0.0014520   0.0014520   0.0014520   0.5558980   0.5558980   0.5558980
 128.0000000   0.0014620   0.0014620   0.0014620   0.5588220   0.5588220   0.5588220
 130.0000000   0.0013880   0.0013880   0.0013880   0.5615981   0.5615981   0.5615981
 132.0000000   0.0009610   0.0009610   0.0009610   0.5635200   0.5635200   0.5635200
 134.0000000   0.0007400   0.0007400   0.0007400   0.5650001   0.5650001   0.5650001
 136.0000000   0.0005010   0.0005010   0.0005010   0.5660020   0.5660020   0.5660020
 138.0000000   0.0001810   0.0001810   0.0001810   0.5663640   0.5663640   0.5663640
 140.0000000   0.0000010   0.0000010   0.0000010   0.5663660   0.5663660   0.5663660
 142.0000000   0.0000010   0.0000010   0.0000010   0.5663680   0.5663680   0.5663680
 144.0000000   0.0000010   0.0000010   0.0000010   0.5663700   0.5663700   0.5663700
 146.0000000   0.0016230   0.0016230   0.0016230   0.5696160   0.5696160   0.5696160
 148.0000000   0.0112560   0.0112560   0.0112560   0.5921280   0.5921280   0.5921280
 150.0000000   0.0103130   0.0103130   0.0103130   0.6127540   0.6127540   0.6127540
 152.0000000   0.0112350   0.0112350   0.0112350   0.6352240   0.6352240   0.6352240
 154.0000000   0.0128850   0.0128850   0.0128850   0.6609940   0.6609940   0.6609940
 156.0000000   0.0024790   0.0024790   0.0024790   0.6659520   0.6659520   0.6659520
 158.0000000   0.0011080   0.0011080   0.0011080   0.6681680   0.6681680   0.6681680
 160.0000000   0.0001940   0.0001940   0.0001940   0.6685560   0.6685560   0.6685560
 162.0000000   0.0000190   0.0000190   0.0000190   0.6685940   0.6685940   0.6685940
 164.0000000   0.0000000   0.0000000   0.0000000   0.6685940   0.6685940   0.6685940
 166.0000000   0.0000000   0.0000000   0.0000000   0.6685940   0.6685940   0.6685940
 168.0000000   0.0000000   0.0000000   0.0000000   0.6685940   0.6685940   0.6685940
 170.0000000   0.0000000   0.0000000   0.0000000   0.6685940   0.6685940   0.6685940
 172.0000000   0.0000000   0.0000000   0.0000000   0.6685940   0.6685940   0.6685940
 174.0000000   0.0000000   0.0000000   0.0000000   0.6685940   0.6685940   0.6685940
 176.0000000   0.0000000   0.0000000   0.0000000   0.6685940   0.6685940   0.6685940
 178.0000000   0.0000000   0.0000000   0.0000000   0.6685940   0.6685940   0.6685940
 180.0000000   0.0000000   0.0000000   0.0000000   0.6685940   0.6685940   0.6685940
 182.0000000   0.0000000   0.0000000   0.0000000   0.6685940   0.6685940   0.6685940
 184.0000000   0.0000000   0.0000000   0.0000000   0.6685940   0.6685940   0.6685940
 186.0000000   0.0000000   0.0000000   0.0000000   0.6685940   0.6685940   0.6685940
 188.0000000   0.0000000   0.0000000   0.0000000   0.6685940   0.6685940   0.6685940
 190.0000000   0.0000000   0.0000000   0.0000000   0.6685940   0.6685940   0.6685940
 192.0000000   0.0000000   0.0000000   0.0000000   0.6685940   0.6685940   0.6685940
 194.0000000   0.0000000   0.0000000   0.0000000   0.6685940   0.6685940   0.6685940
 196.0000000   0.0000000   0.0000000   0.0000000   0.6685940   0.6685940   0.6685940
 198.0000000   0.0000000   0.0000000   0.0000000   0.6685940   0.6685940   0.6685940
 200.0000000   0.0000000   0.0000000   0.0000000   0.6685940   0.6685940   0.6685940
 202.0000000   0.0000000   0.0000000   0.0000000   0.6685940   0.6685940   0.6685940
 204.0000000   0.0000000   0.0000000   0.0000000   0.6685940   0.6685940   0.6685940
 206.0000000   0.0000000   0.0000000   0.0000000   0.6685940   0.6685940   0.6685940
 208.0000000   0.0000000   0.0000000   0.0000000   0.6685940   0.6685940   0.6685940
 210.0000000   0.0000000   0.0000000   0.0000000   0.6685940   0.6685940   0.6685940
 212.0000000   0.0000000   0.0000000   0.0000000   0.6685940   0.6685940   0.6685940
 214.0000000   0.0000000   0.0000000   0.0000000   0.6685940   0.6685940   0.6685940
 216.0000000   0.0000000   0.0000000   0.0000000   0.6685940   0.6685940   0.6685940
 218.0000000   0.0000000   0.0000000   0.0000000   0.6685940   0.6685940   0.6685940
 220.0000000   0.0000000   0.0000000   0.0000000   0.6685940   0.6685940   0.6685940
 222.0000000   0.0000000   0.0000000   0.0000000   0.6685940   0.6685940   0.6685940
 224.0000000   0.0000000   0.0000000   0.0000000   0.6685940   0.6685940   0.6685940
 226.0000000   0.0000000   0.0000000   0.0000000   0.6685940   0.6685940   0.6685940
 228.0000000   0.0000000   0.0000000   0.0000000   0.6685940   0.6685940   0.6685940
 230.0000000   0.0000000   0.0000000   0.0000000   0.6685940   0.6685940   0.6685940
 232.0000000   0.0000000   0.0000000   0.0000000   0.6685940   0.6685940   0.6685940
 234.0000000   0.0000000   0.0000000   0.0000000   0.6685940   0.6685940   0.6685940
 236.0000000   0.0000000   0.0000000   0.0000000   0.6685940   0.6685940   0.6685940
 238.0000000   0.0000000   0.0000000   0.0000000   0.6685940   0.6685940   0.6685940
 240.0000000   0.0000000   0.0000000   0.0000000   0.6685940   0.6685940   0.6685940
 242.0000000   0.0000000   0.0000000   0.0000000   0.6685940   0.6685940   0.6685940
 244.0000000   0.0000000   0.0000000   0.0000000   0.6685940   0.6685940   0.6685940
 246.0000000   0.0000000   0.0000000   0.0000000   0.6685940   0.6685940   0.6685940
 248.0000000   0.0000000   0.0000000   0.0000000   0.6685940   0.6685940   0.6685940
 250.0000000   0.0000000   0.0000000   0.0000000   0.6685940   0.6685940   0.6685940
 252.0000000   0.0000000   0.0000000   0.0000000   0.6685940   0.6685940   0.6685940
 254.0000000   0.0000000   0.0000000   0.0000000   0.6685940   0.6685940   0.6685940
 256.0000000   0.0000000   0.0000000   0.0000000   0.6685940   0.6685940   0.6685940
 258.0000000   0.0000000   0.0000000   0.0000000   0.6685940   0.6685940   0.6685940
 260.0000000   0.0000000   0.0000000   0.0000000   0.6685940   0.6685940   0.6685940
 262.0000000   0.0000000   0.0000000   0.0000000   0.6685940   0.6685940   0.6685940
 264.0000000   0.0000000   0.0000000   0.0000000   0.6685940   0.6685940   0.6685940
 266.0000000   0.0000000   0.0000000   0.0000000   0.6685940   0.6685940   0.6685940
 268.0000000   0.0000000   0.0000000   0.0000000   0.6685940   0.6685940   0.6685940
 270.0000000   0.0000000   0.0000000   0.0000000   0.6685940   0.6685940   0.6685940
 272.0000000   0.0000000   0.0000000   0.0000000   0.6685940   0.6685940   0.6685940
 274.0000000   0.0000000   0.0000000   0.0000000   0.6685940   0.6685940   0.6685940
 276.0000000   0.0000000   0.0000000   0.0000000   0.6685940   0.6685940   0.6685940
 278.0000000   0.0000000   0.0000000   0.0000000   0.6685940   0.6685940   0.6685940
 280.0000000   0.0000000   0.0000000   0.0000000   0.6685940   0.6685940   0.6685940
 282.0000000   0.0000000   0.0000000   0.0000000   0.6685940   0.6685940   0.6685940
 284.0000000   0.0000000   0.0000000   0.0000000   0.6685940   0.6685940   0.6685940
 286.0000000   0.0000000   0.0000000   0.0000000   0.6685940   0.6685940   0.6685940
 288.0000000   0.0000000   0.0000000   0.0000000   0.6685940   0.6685940   0.6685940
 290.0000000   0.0000000   0.0000000   0.0000000   0.6685940   0.6685940   0.6685940
 292.0000000   0.0000000   0.0000000   0.0000000   0.6685940   0.6685940   0.6685940
 294.0000000   0.0000000   0.0000000   0.0000000   0.6685940   0.6685940   0.6685940
 296.0000000   0.0000000   0.0000000   0.0000000   0.6685940   0.6685940   0.6685940
 298.0000000   0.0000000   0.0000000   0.0000000   0.6685940   0.6685940   0.6685940
 300.0000000   0.0000000   0.0000000   0.0000000   0.6685940   0.6685940   0.6685940
 302.0000000   0.0000000   0.0000000   0.0000000   0.6685940   0.6685940   0.6685940
 304.0000000   0.0000000   0.0000000   0.0000000   0.6685940   0.6685940   0.6685940
 306.0000000   0.0000000   0.0000000   0.0000000   0.6685940   0.6685940   0.6685940
 308.0000000   0.0000000   0.0000000   0.0000000   0.6685940   0.6685940   0.6685940
 310.0000000   0.0000000   0.0000000   0.0000000   0.6685940   0.6685940   0.6685940
 312.0000000   0.0000000   0.0000000   0.0000000   0.6685940   0.6685940   0.6685940
 314.0000000   0.0000000   0.0000000   0.0000000   0.6685940   0.6685940   0.6685940
 316.0000000   0.0000000   0.0000000   0.0000000   0.6685940   0.6685940   0.6685940
 318.0000000   0.0000000   0.0000000   0.0000000   0.6685940   0.6685940   0.6685940
 320.0000000   0.0000000   0.0000000   0.0000000   0.6685940   0.6685940   0.6685940
 322.0000000   0.0000000   0.0000000   0.0000000   0.6685940   0.6685940   0.6685940
 324.0000000   0.0000000   0.0000000   0.0000000   0.6685940   0.6685940   0.6685940
 326.0000000   0.0000000   0.0000000   0.0000000   0.6685940   0.6685940   0.6685940
 328.0000000   0.0000000   0.0000000   0.0000000   0.6685940   0.6685940   0.6685940
 330.0000000   0.0000000   0.0000000   0.0000000   0.6685940   0.6685940   0.6685940
 332.0000000   0.0000000   0.0000000   0.0000000   0.6685940   0.6685940   0.6685940
 334.0000000   0.0000000   0.0000000   0.0000000   0.6685940   0.6685940   0.6685940
 336.0000000   0.0000000   0.0000000   0.0000000   0.6685940   0.6685940   0.6685940
 338.0000000   0.0000000   0.0000000   0.0000000   0.6685940   0.6685940   0.6685940
 340.0000000   0.0000000   0.0000000   0.0000000   0.6685940   0.6685940   0.6685940
 342.0000000   0.0000000   0.0000000   0.0000000   0.6685940   0.6685940   0.6685940
 344.0000000   0.0000000   0.0000000   0.0000000   0.6685940   0.6685940   0.6685940
 346.0000000   0.0000000   0.0000000   0.0000000   0.6685940   0.6685940   0.6685940
 348.0000000   0.0000000   0.0000000   0.0000000   0.6685940   0.6685940   0.6685940
 350.0000000   0.0000000   0.0000000   0.0000000   0.6685940   0.6685940   0.6685940
 352.0000000   0.0000000   0.0000000   0.0000000   0.6685940   0.6685940   0.6685940
 354.0000000   0.0000000   0.0000000   0.0000000   0.6685940   0.6685940   0.6685940
 356.0000000   0.0000000   0.0000000   0.0000000   0.6685940   0.6685940   0.6685940
 358.0000000   0.0000000   0.0000000   0.0000000   0.6685940   0.6685940   0.6685940
 360.0000000   0.0000000   0.0000000   0.0000000   0.6685940   0.6685940   0.6685940
 362.0000000   0.0000000   0.0000000   0.0000000   0.6685940   0.6685940   0.6685940
 364.0000000   0.0000000   0.0000000   0.0000000   0.6685940   0.6685940   0.6685940
 366.0000000   0.0000000   0.0000000   0.0000000   0.6685940   0.6685940   0.6685940
 368.0000000   0.0000000   0.0000000   0.0000000   0.6685940   0.6685940   0.6685940
 370.0000000   0.0000000   0.0000000   0.0000000   0.6685940   0.6685940   0.6685940
 372.0000000   0.0000000   0.0000000   0.0000000   0.6685940   0.6685940   0.6685940
 374.0000000   0.0000000   0.0000000   0.0000000   0.6685940   0.6685940   0.6685940
 376.0000000   0.0000000   0.0000000   0.0000000   0.6685940   0.6685940   0.6685940
 378.0000000   0.0000000   0.0000000   0.0000000   0.6685940   0.6685940   0.6685940
 380.0000000   0.0000000   0.0000000   0.0000000   0.6685940   0.6685940   0.6685940
 382.0000000   0.0000000   0.0000000   0.0000000   0.6685940   0.6685940   0.6685940
 384.0000000   0.0000000   0.0000000   0.0000000   0.6685940   0.6685940   0.6685940
 386.0000000   0.0000000   0.0000000   0.0000000   0.6685940   0.6685940   0.6685940
 388.0000000   0.0000000   0.0000000   0.0000000   0.6685940   0.6685940   0.6685940
 390.0000000   0.0000000   0.0000000   0.0000000   0.6685940   0.6685940   0.6685940
 392.0000000   0.0000000   0.0000000   0.0000000   0.6685940   0.6685940   0.6685940
 394.0000000   0.0000000   0.0000000   0.0000000   0.6685940   0.6685940   0.6685940
 396.0000000   0.0000000   0.0000000   0.0000000   0.6685940   0.6685940   0.6685940
 398.0000000   0.0000000   0.0000000   0.0000000   0.6685940   0.6685940   0.6685940
 400.0000000   0.0000000   0.0000000   0.0000000   0.6685940   0.6685940   0.6685940
 402.0000000   0.0000000   0.0000000   0.0000000   0.6685940   0.6685940   0.6685940
 404.0000000   0.0000000   0.0000000   0.0000000   0.6685940   0.6685940   0.6685940
 406.0000000   0.0000000   0.0000000   0.0000000   0.6685940   0.6685940   0.6685940
 408.0000000   0.0000000   0.0000000   0.0000000   0.6685940   0.6685940   0.6685940
 410.0000000   0.0000000   0.0000000   0.0000000   0.6685940   0.6685940   0.6685940
 412.0000000   0.0000000   0.0000000   0.0000000   0.6685940   0.6685940   0.6685940
 414.0000000   0.0000000   0.0000000   0.0000000   0.6685940   0.6685940   0.6685940
 416.0000000   0.0000000   0.0000000   0.0000000   0.6685940   0.6685940   0.6685940
 418.0000000   0.0000000   0.0000000   0.0000000   0.6685940   0.6685940   0.6685940
 420.0000000   0.0000000   0.0000000   0.0000000   0.6685940   0.6685940   0.6685940
 422.0000000   0.0000000   0.0000000   0.0000000   0.6685940   0.6685940   0.6685940
 424.0000000   0.0000000   0.0000000   0.0000000   0.6685940   0.6685940   0.6685940
 426.0000000   0.0000000   0.0000000   0.0000000   0.6685940   0.6685940   0.6685940
 428.0000000   0.0000000   0.0000000   0.0000000   0.6685940   0.6685940   0.6685940
 430.0000000   0.0000000   0.0000000   0.0000000   0.6685940   0.6685940   0.6685940
 432.0000000   0.0000000   0.0000000   0.0000000   0.6685940   0.6685940   0.6685940
 434.0000000   0.0000000   0.0000000   0.0000000   0.6685940   0.6685940   0.6685940
 436.0000000   0.0000000   0.0000000   0.0000000   0.6685940   0.6685940   0.6685940
 438.0000000   0.0000000   0.0000000   0.0000000   0.6685940   0.6685940   0.6685940
 440.0000000   0.0000000   0.0000000   0.0000000   0.6685940   0.6685940   0.6685940
 442.0000000   0.0000000   0.0000000   0.0000000   0.6685940   0.6685940   0.6685940
 444.0000000   0.0000000   0.0000000   0.0000000   0.6685940   0.6685940   0.6685940
 446.0000000   0.0000000   0.0000000   0.0000000   0.6685940   0.6685940   0.6685940
 448.0000000   0.0000000   0.0000000   0.0000000   0.6685940   0.6685940   0.6685940
 450.0000000   0.0000000   0.0000000   0.0000000   0.6685940   0.6685940   0.6685940
 452.0000000   0.0000000   0.0000000   0.0000000   0.6685940   0.6685940   0.6685940
 454.0000000   0.0000000   0.0000000   0.0000000   0.6685940   0.6685940   0.6685940
 456.0000000   0.0000000   0.0000000   0.0000000   0.6685940   0.6685940   0.6685940
 458.0000000   0.0000000   0.0000000   0.0000000   0.6685940   0.6685940   0.6685940
 460.0000000   0.0000000   0.0000000   0.0000000   0.6685940   0.6685940   0.6685940
 462.0000000   0.0000000   0.0000000   0.0000000   0.6685940   0.6685940   0.6685940
 464.0000000   0.0000000   0.0000000   0.0000000   0.6685940   0.6685940   0.6685940
 466.0000000   0.0000000   0.0000000   0.0000000   0.6685940   0.6685940   0.6685940
 468.0000000   0.0000000   0.0000000   0.0000000   0.6685940   0.6685940   0.6685940
 470.0000000   0.0000000   0.0000000   0.0000000   0.6685940   0.6685940   0.6685940
 472.0000000   0.0000000   0.0000000   0.0000000   0.6685940   0.6685940   0.6685940
 474.0000000   0.0000000   0.0000000   0.0000000   0.6685940   0.6685940   0.6685940
 476.0000000   0.0000000   0.0000000   0.0000000   0.6685940   0.6685940   0.6685940
 478.0000000   0.0000000   0.0000000   0.0000000   0.6685940   0.6685940   0.6685940
 480.0000000   0.0000000   0.0000000   0.0000000   0.6685940   0.6685940   0.6685940
 482.0000000   0.0000000   0.0000000   0.0000000   0.6685940   0.6685940   0.6685940
 484.0000000   0.0000000   0.0000000   0.0000000   0.6685940   0.6685940   0.6685940
 486.0000000   0.0000000   0.0000000   0.0000000   0.6685940   0.6685940   0.6685940
 488.0000000   0.0000000   0.0000000   0.0000000   0.6685940   0.6685940   0.6685940
 490.0000000   0.0000000   0.0000000   0.0000000   0.6685940   0.6685940   0.6685940
 492.0000000   0.0000000   0.0000000   0.0000000   0.6685940   0.6685940   0.6685940
 494.0000000   0.0000000   0.0000000   0.0000000   0.6685940   0.6685940   0.6685940
 496.0000000   0.0000000   0.0000000   0.0000000   0.6685940   0.6685940   0.6685940
 498.0000000   0.0000000   0.0000000   0.0000000   0.6685940   0.6685940   0.6685940
 500.0000000   0.0000000   0.0000000   0.0000000   0.6685940   0.6685940   0.6685940
 502.0000000   0.0000000   0.0000000   0.0000000   0.6685940   0.6685940   0.6685940
 504.0000000   0.0000000   0.0000000   0.0000000   0.6685940   0.6685940   0.6685940
 506.0000000   0.0000000   0.0000000   0.0000000   0.6685940   0.6685940   0.6685940
 508.0000000   0.0000000   0.0000000   0.0000000   0.6685940   0.6685940   0.6685940
 510.0000000   0.0000000   0.0000000   0.0000000   0.6685940   0.6685940   0.6685940
 512.0000000   0.0000000   0.0000000   0.0000000   0.6685940   0.6685940   0.6685940
 514.0000000   0.0000000   0.0000000   0.0000000   0.6685940   0.6685940   0.6685940
 516.0000000   0.0000000   0.0000000   0.0000000   0.6685940   0.6685940   0.6685940
 518.0000000   0.0000000   0.0000000   0.0000000   0.6685940   0.6685940   0.6685940
 520.0000000   0.0000000   0.0000000   0.0000000   0.6685940   0.6685940   0.6685940
 522.0000000   0.0000000   0.0000000   0.0000000   0.6685940   0.6685940   0.6685940
 524.0000000   0.0000000   0.0000000   0.0000000   0.6685940   0.6685940   0.6685940
 526.0000000   0.0000000   0.0000000   0.0000000   0.6685940   0.6685940   0.6685940
 528.0000000   0.0000000   0.0000000   0.0000000   0.6685940   0.6685940   0.6685940
 530.0000000   0.0000000   0.0000000   0.0000000   0.6685940   0.6685940   0.6685940
 532.0000000   0.0000000   0.0000000   0.0000000   0.6685940   0.6685940   0.6685940
 534.0000000   0.0000000   0.0000000   0.0000000   0.6685940   0.6685940   0.6685940
 536.0000000   0.0000000   0.0000000   0.0000000   0.6685940   0.6685940   0.6685940
 538.0000000   0.0000000   0.0000000   0.0000000   0.6685940   0.6685940   0.6685940
 540.0000000   0.0000000   0.0000000   0.0000000   0.6685940   0.6685940   0.6685940
 542.0000000   0.0000000   0.0000000   0.0000000   0.6685940   0.6685940   0.6685940
 544.0000000   0.0000000   0.0000000   0.0000000   0.6685940   0.6685940   0.6685940
 546.0000000   0.0000000   0.0000000   0.0000000   0.6685940   0.6685940   0.6685940
 548.0000000   0.0000000   0.0000000   0.0000000   0.6685940   0.6685940   0.6685940
 550.0000000   0.0000000   0.0000000   0.0000000   0.6685940   0.6685940   0.6685940
 552.0000000   0.0000000   0.0000000   0.0000000   0.6685940   0.6685940   0.6685940
