 -46.0000000   0.0000000   0.0000000   0.0000000   0.0000000   0.0000000   0.0000000
 -44.0000000   0.0000000   0.0000000   0.0000000   0.0000000   0.0000000   0.0000000
 -42.0000000   0.0000000   0.0000000   0.0000000   0.0000000   0.0000000   0.0000000
 -40.0000000   0.0000000   0.0000000   0.0000000   0.0000000   0.0000000   0.0000000
 -38.0000000   0.0000000   0.0000000   0.0000000   0.0000000   0.0000000   0.0000000
 -36.0000000   0.0000000   0.0000000   0.0000000   0.0000000   0.0000000   0.0000000
 -34.0000000   0.0000000   0.0000000   0.0000000   0.0000000   0.0000000   0.0000000
 -32.0000000   0.0000000   0.0000000   0.0000000   0.0000000   0.0000000   0.0000000
 -30.0000000   0.0000000   0.0000000   0.0000000   0.0000000   0.0000000   0.0000000
 -28.0000000   0.0000000   0.0000000   0.0000000   0.0000000   0.0000000   0.0000000
 -26.0000000   0.0000000   0.0000000   0.0000000   0.0000000   0.0000000   0.0000000
 -24.0000000   0.0000000   0.0000000   0.0000000   0.0000000   0.0000000   0.0000000
 -22.0000000   0.0000000   0.0000000   0.0000000   0.0000000   0.0000000   0.0000000
 -20.0000000   0.0000000   0.0000000   0.0000000   0.0000000   0.0000000   0.0000000
 -18.0000000   0.0000000   0.0000000   0.0000000   0.0000000   0.0000000   0.0000000
 -16.0000000   0.0000000   0.0000000   0.0000000   0.0000000   0.0000000   0.0000000
 -14.0000000   0.0000000   0.0000000   0.0000000   0.0000000   0.0000000   0.0000000
 -12.0000000   0.0000170   0.0000170   0.0000170   0.0000340   0.0000340   0.0000340
 -10.0000000   0.0000880   0.0000880   0.0000880   0.0002100   0.0002100   0.0002100
  -8.0000000   0.0002080   0.0002080   0.0002080   0.0006260   0.0006260   0.0006260
  -6.0000000   0.0003350   0.0003350   0.0003350   0.0012960   0.0012960   0.0012960
  -4.0000000   0.0004640   0.0004640   0.0004640   0.0022240   0.0022240   0.0022240
  -2.0000000   0.0005930   0.0005930   0.0005930   0.0034100   0.0034100   0.0034100
   0.0000000   0.0007190   0.0007190   0.0007190   0.0048480   0.0048480   0.0048480
   2.0000000   0.0008450   0.0008450   0.0008450   0.0065380   0.0065380   0.0065380
   4.0000000   0.0010190   0.0010190   0.0010190   0.0085760   0.0085760   0.0085760
   6.0000000   0.0013180   0.0013180   0.0013180   0.0112120   0.0112120   0.0112120
   8.0000000   0.0018370   0.0018370   0.0018370   0.0148860   0.0148860   0.0148860
  10.0000000   0.0016600   0.0016600   0.0016600   0.0182060   0.0182060   0.0182060
  12.0000000   0.0012410   0.0012410   0.0012410   0.0206880   0.0206880   0.0206880
  14.0000000   0.0009550   0.0009550   0.0009550   0.0225980   0.0225980   0.0225980
  16.0000000   0.0006680   0.0006680   0.0006680   0.0239340   0.0239340   0.0239340
  18.0000000   0.0005340   0.0005340   0.0005340   0.0250020   0.0250020   0.0250020
  20.0000000   0.0005220   0.0005220   0.0005220   0.0260460   0.0260460   0.0260460
  22.0000000   0.0004040   0.0004040   0.0004040   0.0268540   0.0268540   0.0268540
  24.0000000   0.0002630   0.0002630   0.0002630   0.0273800   0.0273800   0.0273800
  26.0000000   0.0001800   0.0001800   0.0001800   0.0277400   0.0277400   0.0277400
  28.0000000   0.0000970   0.0000970   0.0000970   0.0279340   0.0279340   0.0279340
  30.0000000   0.0001120   0.0001120   0.0001120   0.0281580   0.0281580   0.0281580
  32.0000000   0.0002360   0.0002360   0.0002360   0.0286300   0.0286300   0.0286300
  34.0000000   0.0005940   0.0005940   0.0005940   0.0298180   0.0298180   0.0298180
  36.0000000   0.0004270   0.0004270   0.0004270   0.0306720   0.0306720   0.0306720
  38.0000000   0.0003020   0.0003020   0.0003020   0.0312760   0.0312760   0.0312760
  40.0000000   0.0003010   0.0003010   0.0003010   0.0318780   0.0318780   0.0318780
  42.0000000   0.0004520   0.0004520   0.0004520   0.0327820   0.0327820   0.0327820
  44.0000000   0.0007520   0.0007520   0.0007520   0.0342860   0.0342860   0.0342860
  46.0000000   0.0012350   0.0012350   0.0012350   0.0367560   0.0367560   0.0367560
  48.0000000   0.0015220   0.0015220   0.0015220   0.0398000   0.0398000   0.0398000
  50.0000000   0.0017920   0.0017920   0.0017920   0.0433840   0.0433840   0.0433840
  52.0000000   0.0015890   0.0015890   0.0015890   0.0465620   0.0465620   0.0465620
  54.0000000   0.0012480   0.0012480   0.0012480   0.0490580   0.0490580   0.0490580
  56.0000000   0.0013330   0.0013330   0.0013330   0.0517240   0.0517240   0.0517240
  58.0000000   0.0015640   0.0015640   0.0015640   0.0548520   0.0548520   0.0548520
  60.0000000   0.0014260   0.0014260   0.0014260   0.0577040   0.0577040   0.0577040
  62.0000000   0.0010570   0.0010570   0.0010570   0.0598180   0.0598180   0.0598180
  64.0000000   0.0010110   0.0010110   0.0010110   0.0618400   0.0618400   0.0618400
  66.0000000   0.0014490   0.0014490   0.0014490   0.0647380   0.0647380   0.0647380
  68.0000000   0.0012650   0.0012650   0.0012650   0.0672680   0.0672680   0.0672680
  70.0000000   0.0012240   0.0012240   0.0012240   0.0697160   0.0697160   0.0697160
  72.0000000   0.0015620   0.0015620   0.0015620   0.0728400   0.0728400   0.0728400
  74.0000000   0.0015360   0.0015360   0.0015360   0.0759120   0.0759120   0.0759120
  76.0000000   0.0008830   0.0008830   0.0008830   0.0776780   0.0776780   0.0776780
  78.0000000   0.0005820   0.0005820   0.0005820   0.0788420   0.0788420   0.0788420
  80.0000000   0.0006640   0.0006640   0.0006640   0.0801700   0.0801700   0.0801700
  82.0000000   0.0006600   0.0006600   0.0006600   0.0814900   0.0814900   0.0814900
  84.0000000   0.0006850   0.0006850   0.0006850   0.0828600   0.0828600   0.0828600
  86.0000000   0.0006630   0.0006630   0.0006630   0.0841860   0.0841860   0.0841860
  88.0000000   0.0006720   0.0006720   0.0006720   0.0855300   0.0855300   0.0855300
  90.0000000   0.0007270   0.0007270   0.0007270   0.0869840   0.0869840   0.0869840
  92.0000000   0.0007060   0.0007060   0.0007060   0.0883960   0.0883960   0.0883960
  94.0000000   0.0007350   0.0007350   0.0007350   0.0898660   0.0898660   0.0898660
  96.0000000   0.0007110   0.0007110   0.0007110   0.0912880   0.0912880   0.0912880
  98.0000000   0.0007140   0.0007140   0.0007140   0.0927160   0.0927160   0.0927160
 100.0000000   0.0007280   0.0007280   0.0007280   0.0941720   0.0941720   0.0941720
 102.0000000   0.0006860   0.0006860   0.0006860   0.0955440   0.0955440   0.0955440
 104.0000000   0.0006360   0.0006360   0.0006360   0.0968160   0.0968160   0.0968160
 106.0000000   0.0005840   0.0005840   0.0005840   0.0979840   0.0979840   0.0979840
 108.0000000   0.0005370   0.0005370   0.0005370   0.0990580   0.0990580   0.0990580
 110.0000000   0.0004780   0.0004780   0.0004780   0.1000140   0.1000140   0.1000140
 112.0000000   0.0003530   0.0003530   0.0003530   0.1007200   0.1007200   0.1007200
 114.0000000   0.0002360   0.0002360   0.0002360   0.1011920   0.1011920   0.1011920
 116.0000000   0.0001710   0.0001710   0.0001710   0.1015340   0.1015340   0.1015340
 118.0000000   0.0000510   0.0000510   0.0000510   0.1016360   0.1016360   0.1016360
 120.0000000   0.0003720   0.0003720   0.0003720   0.1023800   0.1023800   0.1023800
 122.0000000   0.0003440   0.0003440   0.0003440   0.1030680   0.1030680   0.1030680
 124.0000000   0.0003730   0.0003730   0.0003730   0.1038140   0.1038140   0.1038140
 126.0000000   0.0004140   0.0004140   0.0004140   0.1046420   0.1046420   0.1046420
 128.0000000   0.0004460   0.0004460   0.0004460   0.1055340   0.1055340   0.1055340
 130.0000000   0.0004760   0.0004760   0.0004760   0.1064860   0.1064860   0.1064860
 132.0000000   0.0004810   0.0004810   0.0004810   0.1074480   0.1074480   0.1074480
 134.0000000   0.0004990   0.0004990   0.0004990   0.1084460   0.1084460   0.1084460
 136.0000000   0.0005090   0.0005090   0.0005090   0.1094640   0.1094640   0.1094640
 138.0000000   0.0005450   0.0005450   0.0005450   0.1105540   0.1105540   0.1105540
 140.0000000   0.0005500   0.0005500   0.0005500   0.1116540   0.1116540   0.1116540
 142.0000000   0.0005760   0.0005760   0.0005760   0.1128060   0.1128060   0.1128060
 144.0000000   0.0006030   0.0006030   0.0006030   0.1140120   0.1140120   0.1140120
 146.0000000   0.0006120   0.0006120   0.0006120   0.1152360   0.1152360   0.1152360
 148.0000000   0.0006500   0.0006500   0.0006500   0.1165360   0.1165360   0.1165360
 150.0000000   0.0005940   0.0005940   0.0005940   0.1177240   0.1177240   0.1177240
 152.0000000   0.0004110   0.0004110   0.0004110   0.1185460   0.1185460   0.1185460
 154.0000000   0.0004150   0.0004150   0.0004150   0.1193760   0.1193760   0.1193760
 156.0000000   0.0000000   0.0000000   0.0000000   0.1193760   0.1193760   0.1193760
 158.0000000   0.0000010   0.0000010   0.0000010   0.1193780   0.1193780   0.1193780
 160.0000000   0.0000040   0.0000040   0.0000040   0.1193860   0.1193860   0.1193860
 162.0000000   0.0000150   0.0000150   0.0000150   0.1194160   0.1194160   0.1194160
 164.0000000   0.0000290   0.0000290   0.0000290   0.1194740   0.1194740   0.1194740
 166.0000000   0.0000460   0.0000460   0.0000460   0.1195660   0.1195660   0.1195660
 168.0000000   0.0000630   0.0000630   0.0000630   0.1196920   0.1196920   0.1196920
 170.0000000   0.0000830   0.0000830   0.0000830   0.1198580   0.1198580   0.1198580
 172.0000000   0.0001340   0.0001340   0.0001340   0.1201260   0.1201260   0.1201260
 174.0000000   0.0002060   0.0002060   0.0002060   0.1205380   0.1205380   0.1205380
 176.0000000   0.0002640   0.0002640   0.0002640   0.1210660   0.1210660   0.1210660
 178.0000000   0.0003060   0.0003060   0.0003060   0.1216780   0.1216780   0.1216780
 180.0000000   0.0003180   0.0003180   0.0003180   0.1223140   0.1223140   0.1223140
 182.0000000   0.0003080   0.0003080   0.0003080   0.1229300   0.1229300   0.1229300
 184.0000000   0.0002250   0.0002250   0.0002250   0.1233800   0.1233800   0.1233800
 186.0000000   0.0000900   0.0000900   0.0000900   0.1235600   0.1235600   0.1235600
 188.0000000   0.0000000   0.0000000   0.0000000   0.1235600   0.1235600   0.1235600
 190.0000000   0.0000000   0.0000000   0.0000000   0.1235600   0.1235600   0.1235600
 192.0000000   0.0000000   0.0000000   0.0000000   0.1235600   0.1235600   0.1235600
 194.0000000   0.0000000   0.0000000   0.0000000   0.1235600   0.1235600   0.1235600
 196.0000000   0.0000000   0.0000000   0.0000000   0.1235600   0.1235600   0.1235600
 198.0000000   0.0000000   0.0000000   0.0000000   0.1235600   0.1235600   0.1235600
 200.0000000   0.0000000   0.0000000   0.0000000   0.1235600   0.1235600   0.1235600
 202.0000000   0.0000000   0.0000000   0.0000000   0.1235600   0.1235600   0.1235600
 204.0000000   0.0000000   0.0000000   0.0000000   0.1235600   0.1235600   0.1235600
 206.0000000   0.0000000   0.0000000   0.0000000   0.1235600   0.1235600   0.1235600
 208.0000000   0.0000000   0.0000000   0.0000000   0.1235600   0.1235600   0.1235600
 210.0000000   0.0000000   0.0000000   0.0000000   0.1235600   0.1235600   0.1235600
 212.0000000   0.0000000   0.0000000   0.0000000   0.1235600   0.1235600   0.1235600
 214.0000000   0.0000000   0.0000000   0.0000000   0.1235600   0.1235600   0.1235600
 216.0000000   0.0000000   0.0000000   0.0000000   0.1235600   0.1235600   0.1235600
 218.0000000   0.0000000   0.0000000   0.0000000   0.1235600   0.1235600   0.1235600
 220.0000000   0.0000000   0.0000000   0.0000000   0.1235600   0.1235600   0.1235600
 222.0000000   0.0000000   0.0000000   0.0000000   0.1235600   0.1235600   0.1235600
 224.0000000   0.0000000   0.0000000   0.0000000   0.1235600   0.1235600   0.1235600
 226.0000000   0.0000000   0.0000000   0.0000000   0.1235600   0.1235600   0.1235600
 228.0000000   0.0000000   0.0000000   0.0000000   0.1235600   0.1235600   0.1235600
 230.0000000   0.0000000   0.0000000   0.0000000   0.1235600   0.1235600   0.1235600
 232.0000000   0.0000000   0.0000000   0.0000000   0.1235600   0.1235600   0.1235600
 234.0000000   0.0000000   0.0000000   0.0000000   0.1235600   0.1235600   0.1235600
 236.0000000   0.0000000   0.0000000   0.0000000   0.1235600   0.1235600   0.1235600
 238.0000000   0.0000000   0.0000000   0.0000000   0.1235600   0.1235600   0.1235600
 240.0000000   0.0000000   0.0000000   0.0000000   0.1235600   0.1235600   0.1235600
 242.0000000   0.0000000   0.0000000   0.0000000   0.1235600   0.1235600   0.1235600
 244.0000000   0.0000000   0.0000000   0.0000000   0.1235600   0.1235600   0.1235600
 246.0000000   0.0000000   0.0000000   0.0000000   0.1235600   0.1235600   0.1235600
 248.0000000   0.0000000   0.0000000   0.0000000   0.1235600   0.1235600   0.1235600
 250.0000000   0.0000000   0.0000000   0.0000000   0.1235600   0.1235600   0.1235600
 252.0000000   0.0000000   0.0000000   0.0000000   0.1235600   0.1235600   0.1235600
 254.0000000   0.0000000   0.0000000   0.0000000   0.1235600   0.1235600   0.1235600
 256.0000000   0.0000000   0.0000000   0.0000000   0.1235600   0.1235600   0.1235600
 258.0000000   0.0000000   0.0000000   0.0000000   0.1235600   0.1235600   0.1235600
 260.0000000   0.0000000   0.0000000   0.0000000   0.1235600   0.1235600   0.1235600
 262.0000000   0.0000000   0.0000000   0.0000000   0.1235600   0.1235600   0.1235600
 264.0000000   0.0000000   0.0000000   0.0000000   0.1235600   0.1235600   0.1235600
 266.0000000   0.0000000   0.0000000   0.0000000   0.1235600   0.1235600   0.1235600
 268.0000000   0.0000000   0.0000000   0.0000000   0.1235600   0.1235600   0.1235600
 270.0000000   0.0000000   0.0000000   0.0000000   0.1235600   0.1235600   0.1235600
 272.0000000   0.0000000   0.0000000   0.0000000   0.1235600   0.1235600   0.1235600
 274.0000000   0.0000000   0.0000000   0.0000000   0.1235600   0.1235600   0.1235600
 276.0000000   0.0000000   0.0000000   0.0000000   0.1235600   0.1235600   0.1235600
 278.0000000   0.0000000   0.0000000   0.0000000   0.1235600   0.1235600   0.1235600
 280.0000000   0.0000000   0.0000000   0.0000000   0.1235600   0.1235600   0.1235600
 282.0000000   0.0000000   0.0000000   0.0000000   0.1235600   0.1235600   0.1235600
 284.0000000   0.0000000   0.0000000   0.0000000   0.1235600   0.1235600   0.1235600
 286.0000000   0.0000000   0.0000000   0.0000000   0.1235600   0.1235600   0.1235600
 288.0000000   0.0000000   0.0000000   0.0000000   0.1235600   0.1235600   0.1235600
 290.0000000   0.0000000   0.0000000   0.0000000   0.1235600   0.1235600   0.1235600
 292.0000000   0.0000000   0.0000000   0.0000000   0.1235600   0.1235600   0.1235600
 294.0000000   0.0000000   0.0000000   0.0000000   0.1235600   0.1235600   0.1235600
 296.0000000   0.0000000   0.0000000   0.0000000   0.1235600   0.1235600   0.1235600
 298.0000000   0.0000000   0.0000000   0.0000000   0.1235600   0.1235600   0.1235600
 300.0000000   0.0000000   0.0000000   0.0000000   0.1235600   0.1235600   0.1235600
 302.0000000   0.0000000   0.0000000   0.0000000   0.1235600   0.1235600   0.1235600
 304.0000000   0.0000000   0.0000000   0.0000000   0.1235600   0.1235600   0.1235600
 306.0000000   0.0000000   0.0000000   0.0000000   0.1235600   0.1235600   0.1235600
 308.0000000   0.0000000   0.0000000   0.0000000   0.1235600   0.1235600   0.1235600
 310.0000000   0.0000000   0.0000000   0.0000000   0.1235600   0.1235600   0.1235600
 312.0000000   0.0000000   0.0000000   0.0000000   0.1235600   0.1235600   0.1235600
 314.0000000   0.0000000   0.0000000   0.0000000   0.1235600   0.1235600   0.1235600
 316.0000000   0.0000000   0.0000000   0.0000000   0.1235600   0.1235600   0.1235600
 318.0000000   0.0000000   0.0000000   0.0000000   0.1235600   0.1235600   0.1235600
 320.0000000   0.0000000   0.0000000   0.0000000   0.1235600   0.1235600   0.1235600
 322.0000000   0.0000000   0.0000000   0.0000000   0.1235600   0.1235600   0.1235600
 324.0000000   0.0000000   0.0000000   0.0000000   0.1235600   0.1235600   0.1235600
 326.0000000   0.0000000   0.0000000   0.0000000   0.1235600   0.1235600   0.1235600
 328.0000000   0.0000000   0.0000000   0.0000000   0.1235600   0.1235600   0.1235600
 330.0000000   0.0000000   0.0000000   0.0000000   0.1235600   0.1235600   0.1235600
 332.0000000   0.0000000   0.0000000   0.0000000   0.1235600   0.1235600   0.1235600
 334.0000000   0.0000000   0.0000000   0.0000000   0.1235600   0.1235600   0.1235600
 336.0000000   0.0000000   0.0000000   0.0000000   0.1235600   0.1235600   0.1235600
 338.0000000   0.0000000   0.0000000   0.0000000   0.1235600   0.1235600   0.1235600
 340.0000000   0.0000000   0.0000000   0.0000000   0.1235600   0.1235600   0.1235600
 342.0000000   0.0000000   0.0000000   0.0000000   0.1235600   0.1235600   0.1235600
 344.0000000   0.0000000   0.0000000   0.0000000   0.1235600   0.1235600   0.1235600
 346.0000000   0.0000000   0.0000000   0.0000000   0.1235600   0.1235600   0.1235600
 348.0000000   0.0000000   0.0000000   0.0000000   0.1235600   0.1235600   0.1235600
 350.0000000   0.0000000   0.0000000   0.0000000   0.1235600   0.1235600   0.1235600
 352.0000000   0.0000000   0.0000000   0.0000000   0.1235600   0.1235600   0.1235600
 354.0000000   0.0000000   0.0000000   0.0000000   0.1235600   0.1235600   0.1235600
 356.0000000   0.0000000   0.0000000   0.0000000   0.1235600   0.1235600   0.1235600
 358.0000000   0.0000000   0.0000000   0.0000000   0.1235600   0.1235600   0.1235600
 360.0000000   0.0000000   0.0000000   0.0000000   0.1235600   0.1235600   0.1235600
 362.0000000   0.0000000   0.0000000   0.0000000   0.1235600   0.1235600   0.1235600
 364.0000000   0.0000000   0.0000000   0.0000000   0.1235600   0.1235600   0.1235600
 366.0000000   0.0000000   0.0000000   0.0000000   0.1235600   0.1235600   0.1235600
 368.0000000   0.0000000   0.0000000   0.0000000   0.1235600   0.1235600   0.1235600
 370.0000000   0.0000000   0.0000000   0.0000000   0.1235600   0.1235600   0.1235600
 372.0000000   0.0000000   0.0000000   0.0000000   0.1235600   0.1235600   0.1235600
 374.0000000   0.0000000   0.0000000   0.0000000   0.1235600   0.1235600   0.1235600
 376.0000000   0.0000000   0.0000000   0.0000000   0.1235600   0.1235600   0.1235600
 378.0000000   0.0000000   0.0000000   0.0000000   0.1235600   0.1235600   0.1235600
 380.0000000   0.0000000   0.0000000   0.0000000   0.1235600   0.1235600   0.1235600
 382.0000000   0.0000000   0.0000000   0.0000000   0.1235600   0.1235600   0.1235600
 384.0000000   0.0000000   0.0000000   0.0000000   0.1235600   0.1235600   0.1235600
 386.0000000   0.0000000   0.0000000   0.0000000   0.1235600   0.1235600   0.1235600
 388.0000000   0.0000000   0.0000000   0.0000000   0.1235600   0.1235600   0.1235600
 390.0000000   0.0000000   0.0000000   0.0000000   0.1235600   0.1235600   0.1235600
 392.0000000   0.0000000   0.0000000   0.0000000   0.1235600   0.1235600   0.1235600
 394.0000000   0.0000000   0.0000000   0.0000000   0.1235600   0.1235600   0.1235600
 396.0000000   0.0000000   0.0000000   0.0000000   0.1235600   0.1235600   0.1235600
 398.0000000   0.0000000   0.0000000   0.0000000   0.1235600   0.1235600   0.1235600
 400.0000000   0.0000000   0.0000000   0.0000000   0.1235600   0.1235600   0.1235600
 402.0000000   0.0000000   0.0000000   0.0000000   0.1235600   0.1235600   0.1235600
 404.0000000   0.0000000   0.0000000   0.0000000   0.1235600   0.1235600   0.1235600
 406.0000000   0.0000000   0.0000000   0.0000000   0.1235600   0.1235600   0.1235600
 408.0000000   0.0000000   0.0000000   0.0000000   0.1235600   0.1235600   0.1235600
 410.0000000   0.0000000   0.0000000   0.0000000   0.1235600   0.1235600   0.1235600
 412.0000000   0.0000000   0.0000000   0.0000000   0.1235600   0.1235600   0.1235600
 414.0000000   0.0000000   0.0000000   0.0000000   0.1235600   0.1235600   0.1235600
 416.0000000   0.0000000   0.0000000   0.0000000   0.1235600   0.1235600   0.1235600
 418.0000000   0.0000000   0.0000000   0.0000000   0.1235600   0.1235600   0.1235600
 420.0000000   0.0000000   0.0000000   0.0000000   0.1235600   0.1235600   0.1235600
 422.0000000   0.0000000   0.0000000   0.0000000   0.1235600   0.1235600   0.1235600
 424.0000000   0.0000000   0.0000000   0.0000000   0.1235600   0.1235600   0.1235600
 426.0000000   0.0000000   0.0000000   0.0000000   0.1235600   0.1235600   0.1235600
 428.0000000   0.0000000   0.0000000   0.0000000   0.1235600   0.1235600   0.1235600
 430.0000000   0.0000000   0.0000000   0.0000000   0.1235600   0.1235600   0.1235600
 432.0000000   0.0000000   0.0000000   0.0000000   0.1235600   0.1235600   0.1235600
 434.0000000   0.0000000   0.0000000   0.0000000   0.1235600   0.1235600   0.1235600
 436.0000000   0.0000000   0.0000000   0.0000000   0.1235600   0.1235600   0.1235600
 438.0000000   0.0000000   0.0000000   0.0000000   0.1235600   0.1235600   0.1235600
 440.0000000   0.0000000   0.0000000   0.0000000   0.1235600   0.1235600   0.1235600
 442.0000000   0.0000000   0.0000000   0.0000000   0.1235600   0.1235600   0.1235600
 444.0000000   0.0000000   0.0000000   0.0000000   0.1235600   0.1235600   0.1235600
 446.0000000   0.0000000   0.0000000   0.0000000   0.1235600   0.1235600   0.1235600
 448.0000000   0.0000000   0.0000000   0.0000000   0.1235600   0.1235600   0.1235600
 450.0000000   0.0000000   0.0000000   0.0000000   0.1235600   0.1235600   0.1235600
 452.0000000   0.0000000   0.0000000   0.0000000   0.1235600   0.1235600   0.1235600
 454.0000000   0.0000000   0.0000000   0.0000000   0.1235600   0.1235600   0.1235600
 456.0000000   0.0000000   0.0000000   0.0000000   0.1235600   0.1235600   0.1235600
 458.0000000   0.0000000   0.0000000   0.0000000   0.1235600   0.1235600   0.1235600
 460.0000000   0.0000000   0.0000000   0.0000000   0.1235600   0.1235600   0.1235600
 462.0000000   0.0000000   0.0000000   0.0000000   0.1235600   0.1235600   0.1235600
 464.0000000   0.0000000   0.0000000   0.0000000   0.1235600   0.1235600   0.1235600
 466.0000000   0.0000000   0.0000000   0.0000000   0.1235600   0.1235600   0.1235600
 468.0000000   0.0000000   0.0000000   0.0000000   0.1235600   0.1235600   0.1235600
 470.0000000   0.0000000   0.0000000   0.0000000   0.1235600   0.1235600   0.1235600
 472.0000000   0.0000000   0.0000000   0.0000000   0.1235600   0.1235600   0.1235600
 474.0000000   0.0000000   0.0000000   0.0000000   0.1235600   0.1235600   0.1235600
 476.0000000   0.0000000   0.0000000   0.0000000   0.1235600   0.1235600   0.1235600
 478.0000000   0.0000000   0.0000000   0.0000000   0.1235600   0.1235600   0.1235600
 480.0000000   0.0000000   0.0000000   0.0000000   0.1235600   0.1235600   0.1235600
 482.0000000   0.0000000   0.0000000   0.0000000   0.1235600   0.1235600   0.1235600
 484.0000000   0.0000000   0.0000000   0.0000000   0.1235600   0.1235600   0.1235600
 486.0000000   0.0000000   0.0000000   0.0000000   0.1235600   0.1235600   0.1235600
 488.0000000   0.0000000   0.0000000   0.0000000   0.1235600   0.1235600   0.1235600
 490.0000000   0.0000000   0.0000000   0.0000000   0.1235600   0.1235600   0.1235600
 492.0000000   0.0000000   0.0000000   0.0000000   0.1235600   0.1235600   0.1235600
 494.0000000   0.0000000   0.0000000   0.0000000   0.1235600   0.1235600   0.1235600
 496.0000000   0.0000000   0.0000000   0.0000000   0.1235600   0.1235600   0.1235600
 498.0000000   0.0000000   0.0000000   0.0000000   0.1235600   0.1235600   0.1235600
 500.0000000   0.0000000   0.0000000   0.0000000   0.1235600   0.1235600   0.1235600
 502.0000000   0.0000000   0.0000000   0.0000000   0.1235600   0.1235600   0.1235600
 504.0000000   0.0000000   0.0000000   0.0000000   0.1235600   0.1235600   0.1235600
 506.0000000   0.0000000   0.0000000   0.0000000   0.1235600   0.1235600   0.1235600
 508.0000000   0.0000000   0.0000000   0.0000000   0.1235600   0.1235600   0.1235600
 510.0000000   0.0000000   0.0000000   0.0000000   0.1235600   0.1235600   0.1235600
 512.0000000   0.0000000   0.0000000   0.0000000   0.1235600   0.1235600   0.1235600
 514.0000000   0.0000000   0.0000000   0.0000000   0.1235600   0.1235600   0.1235600
 516.0000000   0.0000000   0.0000000   0.0000000   0.1235600   0.1235600   0.1235600
 518.0000000   0.0000000   0.0000000   0.0000000   0.1235600   0.1235600   0.1235600
 520.0000000   0.0000000   0.0000000   0.0000000   0.1235600   0.1235600   0.1235600
 522.0000000   0.0000000   0.0000000   0.0000000   0.1235600   0.1235600   0.1235600
 524.0000000   0.0000000   0.0000000   0.0000000   0.1235600   0.1235600   0.1235600
 526.0000000   0.0000000   0.0000000   0.0000000   0.1235600   0.1235600   0.1235600
 528.0000000   0.0000000   0.0000000   0.0000000   0.1235600   0.1235600   0.1235600
 530.0000000   0.0000000   0.0000000   0.0000000   0.1235600   0.1235600   0.1235600
 532.0000000   0.0000000   0.0000000   0.0000000   0.1235600   0.1235600   0.1235600
 534.0000000   0.0000000   0.0000000   0.0000000   0.1235600   0.1235600   0.1235600
 536.0000000   0.0000000   0.0000000   0.0000000   0.1235600   0.1235600   0.1235600
 538.0000000   0.0000000   0.0000000   0.0000000   0.1235600   0.1235600   0.1235600
 540.0000000   0.0000000   0.0000000   0.0000000   0.1235600   0.1235600   0.1235600
 542.0000000   0.0000000   0.0000000   0.0000000   0.1235600   0.1235600   0.1235600
 544.0000000   0.0000000   0.0000000   0.0000000   0.1235600   0.1235600   0.1235600
 546.0000000   0.0000000   0.0000000   0.0000000   0.1235600   0.1235600   0.1235600
 548.0000000   0.0000000   0.0000000   0.0000000   0.1235600   0.1235600   0.1235600
 550.0000000   0.0000000   0.0000000   0.0000000   0.1235600   0.1235600   0.1235600
 552.0000000   0.0000000   0.0000000   0.0000000   0.1235600   0.1235600   0.1235600
 554.0000000   0.0000000   0.0000000   0.0000000   0.1235600   0.1235600   0.1235600
 556.0000000   0.0000000   0.0000000   0.0000000   0.1235600   0.1235600   0.1235600
 558.0000000   0.0000000   0.0000000   0.0000000   0.1235600   0.1235600   0.1235600
 560.0000000   0.0000000   0.0000000   0.0000000   0.1235600   0.1235600   0.1235600
 562.0000000   0.0000000   0.0000000   0.0000000   0.1235600   0.1235600   0.1235600
 564.0000000   0.0000000   0.0000000   0.0000000   0.1235600   0.1235600   0.1235600
 566.0000000   0.0000000   0.0000000   0.0000000   0.1235600   0.1235600   0.1235600
 568.0000000   0.0000000   0.0000000   0.0000000   0.1235600   0.1235600   0.1235600
 570.0000000   0.0000000   0.0000000   0.0000000   0.1235600   0.1235600   0.1235600
 572.0000000   0.0000000   0.0000000   0.0000000   0.1235600   0.1235600   0.1235600
 574.0000000   0.0000000   0.0000000   0.0000000   0.1235600   0.1235600   0.1235600
 576.0000000   0.0000000   0.0000000   0.0000000   0.1235600   0.1235600   0.1235600
 578.0000000   0.0000000   0.0000000   0.0000000   0.1235600   0.1235600   0.1235600
 580.0000000   0.0000000   0.0000000   0.0000000   0.1235600   0.1235600   0.1235600
 582.0000000   0.0000000   0.0000000   0.0000000   0.1235600   0.1235600   0.1235600
 584.0000000   0.0000000   0.0000000   0.0000000   0.1235600   0.1235600   0.1235600
 586.0000000   0.0000000   0.0000000   0.0000000   0.1235600   0.1235600   0.1235600
 588.0000000   0.0000000   0.0000000   0.0000000   0.1235600   0.1235600   0.1235600
 590.0000000   0.0000000   0.0000000   0.0000000   0.1235600   0.1235600   0.1235600
 592.0000000   0.0000000   0.0000000   0.0000000   0.1235600   0.1235600   0.1235600
 594.0000000   0.0000000   0.0000000   0.0000000   0.1235600   0.1235600   0.1235600
 596.0000000   0.0000000   0.0000000   0.0000000   0.1235600   0.1235600   0.1235600
 598.0000000   0.0000000   0.0000000   0.0000000   0.1235600   0.1235600   0.1235600
 600.0000000   0.0000000   0.0000000   0.0000000   0.1235600   0.1235600   0.1235600
 602.0000000   0.0000000   0.0000000   0.0000000   0.1235600   0.1235600   0.1235600
 604.0000000   0.0000000   0.0000000   0.0000000   0.1235600   0.1235600   0.1235600
 606.0000000   0.0000000   0.0000000   0.0000000   0.1235600   0.1235600   0.1235600
 608.0000000   0.0000000   0.0000000   0.0000000   0.1235600   0.1235600   0.1235600
 610.0000000   0.0000000   0.0000000   0.0000000   0.1235600   0.1235600   0.1235600
 612.0000000   0.0000000   0.0000000   0.0000000   0.1235600   0.1235600   0.1235600
 614.0000000   0.0000000   0.0000000   0.0000000   0.1235600   0.1235600   0.1235600
 616.0000000   0.0000000   0.0000000   0.0000000   0.1235600   0.1235600   0.1235600
 618.0000000   0.0000000   0.0000000   0.0000000   0.1235600   0.1235600   0.1235600
 620.0000000   0.0000000   0.0000000   0.0000000   0.1235600   0.1235600   0.1235600
 622.0000000   0.0000000   0.0000000   0.0000000   0.1235600   0.1235600   0.1235600
 624.0000000   0.0000000   0.0000000   0.0000000   0.1235600   0.1235600   0.1235600
 626.0000000   0.0000000   0.0000000   0.0000000   0.1235600   0.1235600   0.1235600
 628.0000000   0.0000000   0.0000000   0.0000000   0.1235600   0.1235600   0.1235600
 630.0000000   0.0000000   0.0000000   0.0000000   0.1235600   0.1235600   0.1235600
 632.0000000   0.0000000   0.0000000   0.0000000   0.1235600   0.1235600   0.1235600
 634.0000000   0.0000000   0.0000000   0.0000000   0.1235600   0.1235600   0.1235600
 636.0000000   0.0000000   0.0000000   0.0000000   0.1235600   0.1235600   0.1235600
 638.0000000   0.0000000   0.0000000   0.0000000   0.1235600   0.1235600   0.1235600
 640.0000000   0.0000000   0.0000000   0.0000000   0.1235600   0.1235600   0.1235600
 642.0000000   0.0000000   0.0000000   0.0000000   0.1235600   0.1235600   0.1235600
 644.0000000   0.0000000   0.0000000   0.0000000   0.1235600   0.1235600   0.1235600
 646.0000000   0.0000000   0.0000000   0.0000000   0.1235600   0.1235600   0.1235600
 648.0000000   0.0000000   0.0000000   0.0000000   0.1235600   0.1235600   0.1235600
 650.0000000   0.0000000   0.0000000   0.0000000   0.1235600   0.1235600   0.1235600
 652.0000000   0.0000000   0.0000000   0.0000000   0.1235600   0.1235600   0.1235600
 654.0000000   0.0000000   0.0000000   0.0000000   0.1235600   0.1235600   0.1235600
 656.0000000   0.0000000   0.0000000   0.0000000   0.1235600   0.1235600   0.1235600
 658.0000000   0.0000000   0.0000000   0.0000000   0.1235600   0.1235600   0.1235600
 660.0000000   0.0000000   0.0000000   0.0000000   0.1235600   0.1235600   0.1235600
 662.0000000   0.0000000   0.0000000   0.0000000   0.1235600   0.1235600   0.1235600
 664.0000000   0.0000000   0.0000000   0.0000000   0.1235600   0.1235600   0.1235600
 666.0000000   0.0000000   0.0000000   0.0000000   0.1235600   0.1235600   0.1235600
 668.0000000   0.0000000   0.0000000   0.0000000   0.1235600   0.1235600   0.1235600
 670.0000000   0.0000000   0.0000000   0.0000000   0.1235600   0.1235600   0.1235600
 672.0000000   0.0000000   0.0000000   0.0000000   0.1235600   0.1235600   0.1235600
 674.0000000   0.0000000   0.0000000   0.0000000   0.1235600   0.1235600   0.1235600
 676.0000000   0.0000000   0.0000000   0.0000000   0.1235600   0.1235600   0.1235600
 678.0000000   0.0000000   0.0000000   0.0000000   0.1235600   0.1235600   0.1235600
 680.0000000   0.0000000   0.0000000   0.0000000   0.1235600   0.1235600   0.1235600
 682.0000000   0.0000000   0.0000000   0.0000000   0.1235600   0.1235600   0.1235600
 684.0000000   0.0000000   0.0000000   0.0000000   0.1235600   0.1235600   0.1235600
 686.0000000   0.0000000   0.0000000   0.0000000   0.1235600   0.1235600   0.1235600
 688.0000000   0.0000000   0.0000000   0.0000000   0.1235600   0.1235600   0.1235600
 690.0000000   0.0000000   0.0000000   0.0000000   0.1235600   0.1235600   0.1235600
 692.0000000   0.0000000   0.0000000   0.0000000   0.1235600   0.1235600   0.1235600
 694.0000000   0.0000000   0.0000000   0.0000000   0.1235600   0.1235600   0.1235600
 696.0000000   0.0000000   0.0000000   0.0000000   0.1235600   0.1235600   0.1235600
 698.0000000   0.0000000   0.0000000   0.0000000   0.1235600   0.1235600   0.1235600
 700.0000000   0.0000000   0.0000000   0.0000000   0.1235600   0.1235600   0.1235600
 702.0000000   0.0000000   0.0000000   0.0000000   0.1235600   0.1235600   0.1235600
 704.0000000   0.0000000   0.0000000   0.0000000   0.1235600   0.1235600   0.1235600
 706.0000000   0.0000000   0.0000000   0.0000000   0.1235600   0.1235600   0.1235600
 708.0000000   0.0000000   0.0000000   0.0000000   0.1235600   0.1235600   0.1235600
 710.0000000   0.0000000   0.0000000   0.0000000   0.1235600   0.1235600   0.1235600
 712.0000000   0.0000000   0.0000000   0.0000000   0.1235600   0.1235600   0.1235600
 714.0000000   0.0000000   0.0000000   0.0000000   0.1235600   0.1235600   0.1235600
 716.0000000   0.0000000   0.0000000   0.0000000   0.1235600   0.1235600   0.1235600
 718.0000000   0.0000000   0.0000000   0.0000000   0.1235600   0.1235600   0.1235600
 720.0000000   0.0000000   0.0000000   0.0000000   0.1235600   0.1235600   0.1235600
 722.0000000   0.0000000   0.0000000   0.0000000   0.1235600   0.1235600   0.1235600
 724.0000000   0.0000000   0.0000000   0.0000000   0.1235600   0.1235600   0.1235600
 726.0000000   0.0000000   0.0000000   0.0000000   0.1235600   0.1235600   0.1235600
 728.0000000   0.0000000   0.0000000   0.0000000   0.1235600   0.1235600   0.1235600
 730.0000000   0.0000000   0.0000000   0.0000000   0.1235600   0.1235600   0.1235600
 732.0000000   0.0000000   0.0000000   0.0000000   0.1235600   0.1235600   0.1235600
 734.0000000   0.0000000   0.0000000   0.0000000   0.1235600   0.1235600   0.1235600
 736.0000000   0.0000000   0.0000000   0.0000000   0.1235600   0.1235600   0.1235600
 738.0000000   0.0000000   0.0000000   0.0000000   0.1235600   0.1235600   0.1235600
 740.0000000   0.0000000   0.0000000   0.0000000   0.1235600   0.1235600   0.1235600
 742.0000000   0.0000000   0.0000000   0.0000000   0.1235600   0.1235600   0.1235600
 744.0000000   0.0000000   0.0000000   0.0000000   0.1235600   0.1235600   0.1235600
 746.0000000   0.0000000   0.0000000   0.0000000   0.1235600   0.1235600   0.1235600
 748.0000000   0.0000000   0.0000000   0.0000000   0.1235600   0.1235600   0.1235600
 750.0000000   0.0000000   0.0000000   0.0000000   0.1235600   0.1235600   0.1235600
 752.0000000   0.0000000   0.0000000   0.0000000   0.1235600   0.1235600   0.1235600
 754.0000000   0.0000000   0.0000000   0.0000000   0.1235600   0.1235600   0.1235600
 756.0000000   0.0000000   0.0000000   0.0000000   0.1235600   0.1235600   0.1235600
 758.0000000   0.0000000   0.0000000   0.0000000   0.1235600   0.1235600   0.1235600
 760.0000000   0.0000000   0.0000000   0.0000000   0.1235600   0.1235600   0.1235600
 762.0000000   0.0000000   0.0000000   0.0000000   0.1235600   0.1235600   0.1235600
 764.0000000   0.0000000   0.0000000   0.0000000   0.1235600   0.1235600   0.1235600
 766.0000000   0.0000000   0.0000000   0.0000000   0.1235600   0.1235600   0.1235600
 768.0000000   0.0000000   0.0000000   0.0000000   0.1235600   0.1235600   0.1235600
 770.0000000   0.0000000   0.0000000   0.0000000   0.1235600   0.1235600   0.1235600
 772.0000000   0.0000000   0.0000000   0.0000000   0.1235600   0.1235600   0.1235600
 774.0000000   0.0000000   0.0000000   0.0000000   0.1235600   0.1235600   0.1235600
 776.0000000   0.0000000   0.0000000   0.0000000   0.1235600   0.1235600   0.1235600
 778.0000000   0.0000000   0.0000000   0.0000000   0.1235600   0.1235600   0.1235600
 780.0000000   0.0000000   0.0000000   0.0000000   0.1235600   0.1235600   0.1235600
 782.0000000   0.0000000   0.0000000   0.0000000   0.1235600   0.1235600   0.1235600
 784.0000000   0.0000000   0.0000000   0.0000000   0.1235600   0.1235600   0.1235600
 786.0000000   0.0000000   0.0000000   0.0000000   0.1235600   0.1235600   0.1235600
 788.0000000   0.0000000   0.0000000   0.0000000   0.1235600   0.1235600   0.1235600
 790.0000000   0.0000000   0.0000000   0.0000000   0.1235600   0.1235600   0.1235600
 792.0000000   0.0000000   0.0000000   0.0000000   0.1235600   0.1235600   0.1235600
 794.0000000   0.0000000   0.0000000   0.0000000   0.1235600   0.1235600   0.1235600
 796.0000000   0.0000000   0.0000000   0.0000000   0.1235600   0.1235600   0.1235600
 798.0000000   0.0000000   0.0000000   0.0000000   0.1235600   0.1235600   0.1235600
 800.0000000   0.0000000   0.0000000   0.0000000   0.1235600   0.1235600   0.1235600
 802.0000000   0.0000000   0.0000000   0.0000000   0.1235600   0.1235600   0.1235600
 804.0000000   0.0000000   0.0000000   0.0000000   0.1235600   0.1235600   0.1235600
 806.0000000   0.0000000   0.0000000   0.0000000   0.1235600   0.1235600   0.1235600
 808.0000000   0.0000000   0.0000000   0.0000000   0.1235600   0.1235600   0.1235600
 810.0000000   0.0000000   0.0000000   0.0000000   0.1235600   0.1235600   0.1235600
 812.0000000   0.0000000   0.0000000   0.0000000   0.1235600   0.1235600   0.1235600
 814.0000000   0.0000000   0.0000000   0.0000000   0.1235600   0.1235600   0.1235600
 816.0000000   0.0000000   0.0000000   0.0000000   0.1235600   0.1235600   0.1235600
 818.0000000   0.0000000   0.0000000   0.0000000   0.1235600   0.1235600   0.1235600
 820.0000000   0.0000000   0.0000000   0.0000000   0.1235600   0.1235600   0.1235600
 822.0000000   0.0000000   0.0000000   0.0000000   0.1235600   0.1235600   0.1235600
 824.0000000   0.0000000   0.0000000   0.0000000   0.1235600   0.1235600   0.1235600
 826.0000000   0.0000000   0.0000000   0.0000000   0.1235600   0.1235600   0.1235600
 828.0000000   0.0000000   0.0000000   0.0000000   0.1235600   0.1235600   0.1235600
 830.0000000   0.0000000   0.0000000   0.0000000   0.1235600   0.1235600   0.1235600
 832.0000000   0.0000000   0.0000000   0.0000000   0.1235600   0.1235600   0.1235600
 834.0000000   0.0000000   0.0000000   0.0000000   0.1235600   0.1235600   0.1235600
 836.0000000   0.0000000   0.0000000   0.0000000   0.1235600   0.1235600   0.1235600
 838.0000000   0.0000000   0.0000000   0.0000000   0.1235600   0.1235600   0.1235600
 840.0000000   0.0000000   0.0000000   0.0000000   0.1235600   0.1235600   0.1235600
 842.0000000   0.0000000   0.0000000   0.0000000   0.1235600   0.1235600   0.1235600
 844.0000000   0.0000000   0.0000000   0.0000000   0.1235600   0.1235600   0.1235600
 846.0000000   0.0000000   0.0000000   0.0000000   0.1235600   0.1235600   0.1235600
 848.0000000   0.0000000   0.0000000   0.0000000   0.1235600   0.1235600   0.1235600
 850.0000000   0.0000000   0.0000000   0.0000000   0.1235600   0.1235600   0.1235600
 852.0000000   0.0000000   0.0000000   0.0000000   0.1235600   0.1235600   0.1235600
 854.0000000   0.0000000   0.0000000   0.0000000   0.1235600   0.1235600   0.1235600
 856.0000000   0.0000000   0.0000000   0.0000000   0.1235600   0.1235600   0.1235600
 858.0000000   0.0000000   0.0000000   0.0000000   0.1235600   0.1235600   0.1235600
 860.0000000   0.0000000   0.0000000   0.0000000   0.1235600   0.1235600   0.1235600
 862.0000000   0.0000000   0.0000000   0.0000000   0.1235600   0.1235600   0.1235600
 864.0000000   0.0000000   0.0000000   0.0000000   0.1235600   0.1235600   0.1235600
 866.0000000   0.0000000   0.0000000   0.0000000   0.1235600   0.1235600   0.1235600
 868.0000000   0.0000000   0.0000000   0.0000000   0.1235600   0.1235600   0.1235600
 870.0000000   0.0000000   0.0000000   0.0000000   0.1235600   0.1235600   0.1235600
 872.0000000   0.0000000   0.0000000   0.0000000   0.1235600   0.1235600   0.1235600
 874.0000000   0.0000000   0.0000000   0.0000000   0.1235600   0.1235600   0.1235600
 876.0000000   0.0000000   0.0000000   0.0000000   0.1235600   0.1235600   0.1235600
 878.0000000   0.0000000   0.0000000   0.0000000   0.1235600   0.1235600   0.1235600
 880.0000000   0.0000000   0.0000000   0.0000000   0.1235600   0.1235600   0.1235600
 882.0000000   0.0000000   0.0000000   0.0000000   0.1235600   0.1235600   0.1235600
 884.0000000   0.0000000   0.0000000   0.0000000   0.1235600   0.1235600   0.1235600
 886.0000000   0.0000000   0.0000000   0.0000000   0.1235600   0.1235600   0.1235600
 888.0000000   0.0000000   0.0000000   0.0000000   0.1235600   0.1235600   0.1235600
 890.0000000   0.0000000   0.0000000   0.0000000   0.1235600   0.1235600   0.1235600
 892.0000000   0.0000000   0.0000000   0.0000000   0.1235600   0.1235600   0.1235600
 894.0000000   0.0000000   0.0000000   0.0000000   0.1235600   0.1235600   0.1235600
 896.0000000   0.0000000   0.0000000   0.0000000   0.1235600   0.1235600   0.1235600
 898.0000000   0.0000000   0.0000000   0.0000000   0.1235600   0.1235600   0.1235600
 900.0000000   0.0000000   0.0000000   0.0000000   0.1235600   0.1235600   0.1235600
 902.0000000   0.0000000   0.0000000   0.0000000   0.1235600   0.1235600   0.1235600
 904.0000000   0.0000000   0.0000000   0.0000000   0.1235600   0.1235600   0.1235600
 906.0000000   0.0000000   0.0000000   0.0000000   0.1235600   0.1235600   0.1235600
 908.0000000   0.0000000   0.0000000   0.0000000   0.1235600   0.1235600   0.1235600
 910.0000000   0.0000000   0.0000000   0.0000000   0.1235600   0.1235600   0.1235600
 912.0000000   0.0000000   0.0000000   0.0000000   0.1235600   0.1235600   0.1235600
 914.0000000   0.0000000   0.0000000   0.0000000   0.1235600   0.1235600   0.1235600
 916.0000000   0.0000000   0.0000000   0.0000000   0.1235600   0.1235600   0.1235600
 918.0000000   0.0000000   0.0000000   0.0000000   0.1235600   0.1235600   0.1235600
 920.0000000   0.0000000   0.0000000   0.0000000   0.1235600   0.1235600   0.1235600
 922.0000000   0.0000000   0.0000000   0.0000000   0.1235600   0.1235600   0.1235600
 924.0000000   0.0000000   0.0000000   0.0000000   0.1235600   0.1235600   0.1235600
 926.0000000   0.0000000   0.0000000   0.0000000   0.1235600   0.1235600   0.1235600
 928.0000000   0.0000000   0.0000000   0.0000000   0.1235600   0.1235600   0.1235600
 930.0000000   0.0000000   0.0000000   0.0000000   0.1235600   0.1235600   0.1235600
 932.0000000   0.0000000   0.0000000   0.0000000   0.1235600   0.1235600   0.1235600
 934.0000000   0.0000000   0.0000000   0.0000000   0.1235600   0.1235600   0.1235600
 936.0000000   0.0000000   0.0000000   0.0000000   0.1235600   0.1235600   0.1235600
 938.0000000   0.0000000   0.0000000   0.0000000   0.1235600   0.1235600   0.1235600
 940.0000000   0.0000000   0.0000000   0.0000000   0.1235600   0.1235600   0.1235600
 942.0000000   0.0000000   0.0000000   0.0000000   0.1235600   0.1235600   0.1235600
 944.0000000   0.0000000   0.0000000   0.0000000   0.1235600   0.1235600   0.1235600
 946.0000000   0.0000000   0.0000000   0.0000000   0.1235600   0.1235600   0.1235600
 948.0000000   0.0000000   0.0000000   0.0000000   0.1235600   0.1235600   0.1235600
 950.0000000   0.0000000   0.0000000   0.0000000   0.1235600   0.1235600   0.1235600
 952.0000000   0.0000000   0.0000000   0.0000000   0.1235600   0.1235600   0.1235600
 954.0000000   0.0000000   0.0000000   0.0000000   0.1235600   0.1235600   0.1235600
 956.0000000   0.0000000   0.0000000   0.0000000   0.1235600   0.1235600   0.1235600
 958.0000000   0.0000000   0.0000000   0.0000000   0.1235600   0.1235600   0.1235600
 960.0000000   0.0000000   0.0000000   0.0000000   0.1235600   0.1235600   0.1235600
 962.0000000   0.0000000   0.0000000   0.0000000   0.1235600   0.1235600   0.1235600
 964.0000000   0.0000000   0.0000000   0.0000000   0.1235600   0.1235600   0.1235600
 966.0000000   0.0000000   0.0000000   0.0000000   0.1235600   0.1235600   0.1235600
 968.0000000   0.0000000   0.0000000   0.0000000   0.1235600   0.1235600   0.1235600
 970.0000000   0.0000000   0.0000000   0.0000000   0.1235600   0.1235600   0.1235600
 972.0000000   0.0000000   0.0000000   0.0000000   0.1235600   0.1235600   0.1235600
 974.0000000   0.0000000   0.0000000   0.0000000   0.1235600   0.1235600   0.1235600
 976.0000000   0.0000000   0.0000000   0.0000000   0.1235600   0.1235600   0.1235600
 978.0000000   0.0000000   0.0000000   0.0000000   0.1235600   0.1235600   0.1235600
 980.0000000   0.0000000   0.0000000   0.0000000   0.1235600   0.1235600   0.1235600
 982.0000000   0.0000000   0.0000000   0.0000000   0.1235600   0.1235600   0.1235600
 984.0000000   0.0000000   0.0000000   0.0000000   0.1235600   0.1235600   0.1235600
 986.0000000   0.0000000   0.0000000   0.0000000   0.1235600   0.1235600   0.1235600
 988.0000000   0.0000000   0.0000000   0.0000000   0.1235600   0.1235600   0.1235600
 990.0000000   0.0000000   0.0000000   0.0000000   0.1235600   0.1235600   0.1235600
 992.0000000   0.0000000   0.0000000   0.0000000   0.1235600   0.1235600   0.1235600
 994.0000000   0.0000000   0.0000000   0.0000000   0.1235600   0.1235600   0.1235600
 996.0000000   0.0000000   0.0000000   0.0000000   0.1235600   0.1235600   0.1235600
 998.0000000   0.0000000   0.0000000   0.0000000   0.1235600   0.1235600   0.1235600
1000.0000000   0.0000000   0.0000000   0.0000000   0.1235600   0.1235600   0.1235600
1002.0000000   0.0000000   0.0000000   0.0000000   0.1235600   0.1235600   0.1235600
1004.0000000   0.0000000   0.0000000   0.0000000   0.1235600   0.1235600   0.1235600
1006.0000000   0.0000000   0.0000000   0.0000000   0.1235600   0.1235600   0.1235600
1008.0000000   0.0000000   0.0000000   0.0000000   0.1235600   0.1235600   0.1235600
1010.0000000   0.0000000   0.0000000   0.0000000   0.1235600   0.1235600   0.1235600
1012.0000000   0.0000000   0.0000000   0.0000000   0.1235600   0.1235600   0.1235600
1014.0000000   0.0000000   0.0000000   0.0000000   0.1235600   0.1235600   0.1235600
1016.0000000   0.0000000   0.0000000   0.0000000   0.1235600   0.1235600   0.1235600
1018.0000000   0.0000000   0.0000000   0.0000000   0.1235600   0.1235600   0.1235600
1020.0000000   0.0000000   0.0000000   0.0000000   0.1235600   0.1235600   0.1235600
1022.0000000   0.0000000   0.0000000   0.0000000   0.1235600   0.1235600   0.1235600
1024.0000000   0.0000000   0.0000000   0.0000000   0.1235600   0.1235600   0.1235600
1026.0000000   0.0000000   0.0000000   0.0000000   0.1235600   0.1235600   0.1235600
1028.0000000   0.0000000   0.0000000   0.0000000   0.1235600   0.1235600   0.1235600
1030.0000000   0.0000000   0.0000000   0.0000000   0.1235600   0.1235600   0.1235600
1032.0000000   0.0000000   0.0000000   0.0000000   0.1235600   0.1235600   0.1235600
1034.0000000   0.0000000   0.0000000   0.0000000   0.1235600   0.1235600   0.1235600
1036.0000000   0.0000000   0.0000000   0.0000000   0.1235600   0.1235600   0.1235600
1038.0000000   0.0000000   0.0000000   0.0000000   0.1235600   0.1235600   0.1235600
1040.0000000   0.0000000   0.0000000   0.0000000   0.1235600   0.1235600   0.1235600
1042.0000000   0.0000000   0.0000000   0.0000000   0.1235600   0.1235600   0.1235600
1044.0000000   0.0000000   0.0000000   0.0000000   0.1235600   0.1235600   0.1235600
1046.0000000   0.0000000   0.0000000   0.0000000   0.1235600   0.1235600   0.1235600
1048.0000000   0.0000000   0.0000000   0.0000000   0.1235600   0.1235600   0.1235600
1050.0000000   0.0000000   0.0000000   0.0000000   0.1235600   0.1235600   0.1235600
1052.0000000   0.0000000   0.0000000   0.0000000   0.1235600   0.1235600   0.1235600
1054.0000000   0.0000000   0.0000000   0.0000000   0.1235600   0.1235600   0.1235600
1056.0000000   0.0000000   0.0000000   0.0000000   0.1235600   0.1235600   0.1235600
1058.0000000   0.0000000   0.0000000   0.0000000   0.1235600   0.1235600   0.1235600
1060.0000000   0.0000000   0.0000000   0.0000000   0.1235600   0.1235600   0.1235600
1062.0000000   0.0000000   0.0000000   0.0000000   0.1235600   0.1235600   0.1235600
1064.0000000   0.0000000   0.0000000   0.0000000   0.1235600   0.1235600   0.1235600
1066.0000000   0.0000000   0.0000000   0.0000000   0.1235600   0.1235600   0.1235600
1068.0000000   0.0000000   0.0000000   0.0000000   0.1235600   0.1235600   0.1235600
1070.0000000   0.0000000   0.0000000   0.0000000   0.1235600   0.1235600   0.1235600
1072.0000000   0.0000000   0.0000000   0.0000000   0.1235600   0.1235600   0.1235600
1074.0000000   0.0000000   0.0000000   0.0000000   0.1235600   0.1235600   0.1235600
1076.0000000   0.0000000   0.0000000   0.0000000   0.1235600   0.1235600   0.1235600
1078.0000000   0.0000000   0.0000000   0.0000000   0.1235600   0.1235600   0.1235600
1080.0000000   0.0000000   0.0000000   0.0000000   0.1235600   0.1235600   0.1235600
1082.0000000   0.0000000   0.0000000   0.0000000   0.1235600   0.1235600   0.1235600
1084.0000000   0.0000000   0.0000000   0.0000000   0.1235600   0.1235600   0.1235600
1086.0000000   0.0000000   0.0000000   0.0000000   0.1235600   0.1235600   0.1235600
1088.0000000   0.0000000   0.0000000   0.0000000   0.1235600   0.1235600   0.1235600
1090.0000000   0.0000000   0.0000000   0.0000000   0.1235600   0.1235600   0.1235600
1092.0000000   0.0000000   0.0000000   0.0000000   0.1235600   0.1235600   0.1235600
1094.0000000   0.0000000   0.0000000   0.0000000   0.1235600   0.1235600   0.1235600
1096.0000000   0.0000000   0.0000000   0.0000000   0.1235600   0.1235600   0.1235600
1098.0000000   0.0000000   0.0000000   0.0000000   0.1235600   0.1235600   0.1235600
1100.0000000   0.0000000   0.0000000   0.0000000   0.1235600   0.1235600   0.1235600
1102.0000000   0.0000000   0.0000000   0.0000000   0.1235600   0.1235600   0.1235600
1104.0000000   0.0000000   0.0000000   0.0000000   0.1235600   0.1235600   0.1235600
1106.0000000   0.0000000   0.0000000   0.0000000   0.1235600   0.1235600   0.1235600
1108.0000000   0.0000000   0.0000000   0.0000000   0.1235600   0.1235600   0.1235600
1110.0000000   0.0000000   0.0000000   0.0000000   0.1235600   0.1235600   0.1235600
1112.0000000   0.0000000   0.0000000   0.0000000   0.1235600   0.1235600   0.1235600
1114.0000000   0.0000000   0.0000000   0.0000000   0.1235600   0.1235600   0.1235600
1116.0000000   0.0000000   0.0000000   0.0000000   0.1235600   0.1235600   0.1235600
1118.0000000   0.0000000   0.0000000   0.0000000   0.1235600   0.1235600   0.1235600
1120.0000000   0.0000000   0.0000000   0.0000000   0.1235600   0.1235600   0.1235600
1122.0000000   0.0000000   0.0000000   0.0000000   0.1235600   0.1235600   0.1235600
1124.0000000   0.0000000   0.0000000   0.0000000   0.1235600   0.1235600   0.1235600
1126.0000000   0.0000000   0.0000000   0.0000000   0.1235600   0.1235600   0.1235600
1128.0000000   0.0000000   0.0000000   0.0000000   0.1235600   0.1235600   0.1235600
1130.0000000   0.0000000   0.0000000   0.0000000   0.1235600   0.1235600   0.1235600
1132.0000000   0.0000000   0.0000000   0.0000000   0.1235600   0.1235600   0.1235600
1134.0000000   0.0000000   0.0000000   0.0000000   0.1235600   0.1235600   0.1235600
1136.0000000   0.0000000   0.0000000   0.0000000   0.1235600   0.1235600   0.1235600
1138.0000000   0.0000000   0.0000000   0.0000000   0.1235600   0.1235600   0.1235600
1140.0000000   0.0000000   0.0000000   0.0000000   0.1235600   0.1235600   0.1235600
1142.0000000   0.0000000   0.0000000   0.0000000   0.1235600   0.1235600   0.1235600
1144.0000000   0.0000000   0.0000000   0.0000000   0.1235600   0.1235600   0.1235600
1146.0000000   0.0000000   0.0000000   0.0000000   0.1235600   0.1235600   0.1235600
1148.0000000   0.0000000   0.0000000   0.0000000   0.1235600   0.1235600   0.1235600
1150.0000000   0.0000000   0.0000000   0.0000000   0.1235600   0.1235600   0.1235600
1152.0000000   0.0000000   0.0000000   0.0000000   0.1235600   0.1235600   0.1235600
