   0.0000000   0.0000000   0.0000000   0.0000000   0.0000000   0.0000000   0.0000000
   2.0000000   0.0000050   0.0000050   0.0000050   0.0000100   0.0000100   0.0000100
   4.0000000   0.0000390   0.0000390   0.0000390   0.0000880   0.0000880   0.0000880
   6.0000000   0.0001320   0.0001320   0.0001320   0.0003520   0.0003520   0.0003520
   8.0000000   0.0004590   0.0004590   0.0004590   0.0012700   0.0012700   0.0012700
  10.0000000   0.0006200   0.0006200   0.0006200   0.0025100   0.0025100   0.0025100
  12.0000000   0.0007350   0.0007350   0.0007350   0.0039800   0.0039800   0.0039800
  14.0000000   0.0009070   0.0009070   0.0009070   0.0057940   0.0057940   0.0057940
  16.0000000   0.0012510   0.0012510   0.0012510   0.0082960   0.0082960   0.0082960
  18.0000000   0.0016460   0.0016460   0.0016460   0.0115880   0.0115880   0.0115880
  20.0000000   0.0022130   0.0022130   0.0022130   0.0160140   0.0160140   0.0160140
  22.0000000   0.0028550   0.0028550   0.0028550   0.0217240   0.0217240   0.0217240
  24.0000000   0.0035770   0.0035770   0.0035770   0.0288780   0.0288780   0.0288780
  26.0000000   0.0031970   0.0031970   0.0031970   0.0352720   0.0352720   0.0352720
  28.0000000   0.0026900   0.0026900   0.0026900   0.0406520   0.0406520   0.0406520
  30.0000000   0.0025620   0.0025620   0.0025620   0.0457760   0.0457760   0.0457760
  32.0000000   0.0038710   0.0038710   0.0038710   0.0535180   0.0535180   0.0535180
  34.0000000   0.0031040   0.0031040   0.0031040   0.0597260   0.0597260   0.0597260
  36.0000000   0.0020890   0.0020890   0.0020890   0.0639040   0.0639040   0.0639040
  38.0000000   0.0037210   0.0037210   0.0037210   0.0713460   0.0713460   0.0713460
  40.0000000   0.0069890   0.0069890   0.0069890   0.0853240   0.0853240   0.0853240
  42.0000000   0.0066840   0.0066840   0.0066840   0.0986920   0.0986920   0.0986920
  44.0000000   0.0081480   0.0081480   0.0081480   0.1149880   0.1149880   0.1149880
  46.0000000   0.0109050   0.0109050   0.0109050   0.1367980   0.1367980   0.1367980
  48.0000000   0.0125740   0.0125740   0.0125740   0.1619460   0.1619460   0.1619460
  50.0000000   0.0139190   0.0139190   0.0139190   0.1897840   0.1897840   0.1897840
  52.0000000   0.0078260   0.0078260   0.0078260   0.2054360   0.2054360   0.2054360
  54.0000000   0.0057900   0.0057900   0.0057900   0.2170160   0.2170160   0.2170160
  56.0000000   0.0046780   0.0046780   0.0046780   0.2263720   0.2263720   0.2263720
  58.0000000   0.0043570   0.0043570   0.0043570   0.2350860   0.2350860   0.2350860
  60.0000000   0.0044210   0.0044210   0.0044210   0.2439280   0.2439280   0.2439280
  62.0000000   0.0067990   0.0067990   0.0067990   0.2575260   0.2575260   0.2575260
  64.0000000   0.0087030   0.0087030   0.0087030   0.2749320   0.2749320   0.2749320
  66.0000000   0.0102270   0.0102270   0.0102270   0.2953860   0.2953860   0.2953860
  68.0000000   0.0128590   0.0128590   0.0128590   0.3211040   0.3211040   0.3211040
  70.0000000   0.0220300   0.0220300   0.0220300   0.3651640   0.3651640   0.3651640
  72.0000000   0.0082690   0.0082690   0.0082690   0.3817020   0.3817020   0.3817020
  74.0000000   0.0068480   0.0068480   0.0068480   0.3953980   0.3953980   0.3953980
  76.0000000   0.0061180   0.0061180   0.0061180   0.4076340   0.4076340   0.4076340
  78.0000000   0.0061250   0.0061250   0.0061250   0.4198840   0.4198840   0.4198840
  80.0000000   0.0071240   0.0071240   0.0071240   0.4341320   0.4341320   0.4341320
  82.0000000   0.0077830   0.0077830   0.0077830   0.4496980   0.4496980   0.4496980
  84.0000000   0.0087850   0.0087850   0.0087850   0.4672680   0.4672680   0.4672680
  86.0000000   0.0104970   0.0104970   0.0104970   0.4882620   0.4882620   0.4882620
  88.0000000   0.0139650   0.0139650   0.0139650   0.5161920   0.5161920   0.5161920
  90.0000000   0.0169540   0.0169540   0.0169540   0.5501000   0.5501000   0.5501000
  92.0000000   0.0138050   0.0138050   0.0138050   0.5777100   0.5777100   0.5777100
  94.0000000   0.0110390   0.0110390   0.0110390   0.5997880   0.5997880   0.5997880
  96.0000000   0.0101100   0.0101100   0.0101100   0.6200079   0.6200079   0.6200079
  98.0000000   0.0092200   0.0092200   0.0092200   0.6384479   0.6384479   0.6384479
 100.0000000   0.0086090   0.0086090   0.0086090   0.6556659   0.6556659   0.6556659
 102.0000000   0.0084690   0.0084690   0.0084690   0.6726040   0.6726040   0.6726040
 104.0000000   0.0094820   0.0094820   0.0094820   0.6915680   0.6915680   0.6915680
 106.0000000   0.0145370   0.0145370   0.0145370   0.7206420   0.7206420   0.7206420
 108.0000000   0.0126300   0.0126300   0.0126300   0.7459019   0.7459019   0.7459019
 110.0000000   0.0100690   0.0100690   0.0100690   0.7660400   0.7660400   0.7660400
 112.0000000   0.0089270   0.0089270   0.0089270   0.7838939   0.7838939   0.7838939
 114.0000000   0.0075590   0.0075590   0.0075590   0.7990119   0.7990119   0.7990119
 116.0000000   0.0054150   0.0054150   0.0054150   0.8098420   0.8098420   0.8098420
 118.0000000   0.0069720   0.0069720   0.0069720   0.8237860   0.8237860   0.8237860
 120.0000000   0.0036860   0.0036860   0.0036860   0.8311580   0.8311580   0.8311580
 122.0000000   0.0024060   0.0024060   0.0024060   0.8359700   0.8359700   0.8359700
 124.0000000   0.0029490   0.0029490   0.0029490   0.8418680   0.8418680   0.8418680
 126.0000000   0.0022390   0.0022390   0.0022390   0.8463460   0.8463460   0.8463460
 128.0000000   0.0014040   0.0014040   0.0014040   0.8491540   0.8491540   0.8491540
 130.0000000   0.0007840   0.0007840   0.0007840   0.8507220   0.8507220   0.8507220
 132.0000000   0.0004050   0.0004050   0.0004050   0.8515320   0.8515320   0.8515320
 134.0000000   0.0003040   0.0003040   0.0003040   0.8521400   0.8521400   0.8521400
 136.0000000   0.0000090   0.0000090   0.0000090   0.8521580   0.8521580   0.8521580
 138.0000000   0.0000040   0.0000040   0.0000040   0.8521660   0.8521660   0.8521660
 140.0000000   0.0000040   0.0000040   0.0000040   0.8521740   0.8521740   0.8521740
 142.0000000   0.0000040   0.0000040   0.0000040   0.8521820   0.8521820   0.8521820
 144.0000000   0.0000050   0.0000050   0.0000050   0.8521920   0.8521920   0.8521920
 146.0000000   0.0000050   0.0000050   0.0000050   0.8522020   0.8522020   0.8522020
 148.0000000   0.0011280   0.0011280   0.0011280   0.8544580   0.8544580   0.8544580
 150.0000000   0.0250050   0.0250050   0.0250050   0.9044679   0.9044679   0.9044679
 152.0000000   0.0232250   0.0232250   0.0232250   0.9509180   0.9509180   0.9509180
 154.0000000   0.0043480   0.0043480   0.0043480   0.9596140   0.9596140   0.9596140
 156.0000000   0.0013570   0.0013570   0.0013570   0.9623280   0.9623280   0.9623280
 158.0000000   0.0003730   0.0003730   0.0003730   0.9630740   0.9630740   0.9630740
 160.0000000   0.0001150   0.0001150   0.0001150   0.9633040   0.9633040   0.9633040
 162.0000000   0.0000000   0.0000000   0.0000000   0.9633040   0.9633040   0.9633040
 164.0000000   0.0000000   0.0000000   0.0000000   0.9633040   0.9633040   0.9633040
 166.0000000   0.0000000   0.0000000   0.0000000   0.9633040   0.9633040   0.9633040
 168.0000000   0.0000000   0.0000000   0.0000000   0.9633040   0.9633040   0.9633040
 170.0000000   0.0000000   0.0000000   0.0000000   0.9633040   0.9633040   0.9633040
 172.0000000   0.0000000   0.0000000   0.0000000   0.9633040   0.9633040   0.9633040
 174.0000000   0.0000000   0.0000000   0.0000000   0.9633040   0.9633040   0.9633040
 176.0000000   0.0000000   0.0000000   0.0000000   0.9633040   0.9633040   0.9633040
 178.0000000   0.0000000   0.0000000   0.0000000   0.9633040   0.9633040   0.9633040
 180.0000000   0.0000000   0.0000000   0.0000000   0.9633040   0.9633040   0.9633040
 182.0000000   0.0000000   0.0000000   0.0000000   0.9633040   0.9633040   0.9633040
 184.0000000   0.0000000   0.0000000   0.0000000   0.9633040   0.9633040   0.9633040
 186.0000000   0.0000000   0.0000000   0.0000000   0.9633040   0.9633040   0.9633040
 188.0000000   0.0000000   0.0000000   0.0000000   0.9633040   0.9633040   0.9633040
 190.0000000   0.0000000   0.0000000   0.0000000   0.9633040   0.9633040   0.9633040
 192.0000000   0.0000000   0.0000000   0.0000000   0.9633040   0.9633040   0.9633040
 194.0000000   0.0000000   0.0000000   0.0000000   0.9633040   0.9633040   0.9633040
 196.0000000   0.0000000   0.0000000   0.0000000   0.9633040   0.9633040   0.9633040
 198.0000000   0.0000000   0.0000000   0.0000000   0.9633040   0.9633040   0.9633040
 200.0000000   0.0000000   0.0000000   0.0000000   0.9633040   0.9633040   0.9633040
 202.0000000   0.0000000   0.0000000   0.0000000   0.9633040   0.9633040   0.9633040
 204.0000000   0.0000000   0.0000000   0.0000000   0.9633040   0.9633040   0.9633040
 206.0000000   0.0000000   0.0000000   0.0000000   0.9633040   0.9633040   0.9633040
 208.0000000   0.0000000   0.0000000   0.0000000   0.9633040   0.9633040   0.9633040
 210.0000000   0.0000000   0.0000000   0.0000000   0.9633040   0.9633040   0.9633040
 212.0000000   0.0000000   0.0000000   0.0000000   0.9633040   0.9633040   0.9633040
 214.0000000   0.0000000   0.0000000   0.0000000   0.9633040   0.9633040   0.9633040
 216.0000000   0.0000000   0.0000000   0.0000000   0.9633040   0.9633040   0.9633040
 218.0000000   0.0000000   0.0000000   0.0000000   0.9633040   0.9633040   0.9633040
 220.0000000   0.0000000   0.0000000   0.0000000   0.9633040   0.9633040   0.9633040
 222.0000000   0.0000000   0.0000000   0.0000000   0.9633040   0.9633040   0.9633040
 224.0000000   0.0000000   0.0000000   0.0000000   0.9633040   0.9633040   0.9633040
 226.0000000   0.0000000   0.0000000   0.0000000   0.9633040   0.9633040   0.9633040
 228.0000000   0.0000000   0.0000000   0.0000000   0.9633040   0.9633040   0.9633040
 230.0000000   0.0000000   0.0000000   0.0000000   0.9633040   0.9633040   0.9633040
 232.0000000   0.0000000   0.0000000   0.0000000   0.9633040   0.9633040   0.9633040
 234.0000000   0.0000000   0.0000000   0.0000000   0.9633040   0.9633040   0.9633040
 236.0000000   0.0000000   0.0000000   0.0000000   0.9633040   0.9633040   0.9633040
 238.0000000   0.0000000   0.0000000   0.0000000   0.9633040   0.9633040   0.9633040
 240.0000000   0.0000000   0.0000000   0.0000000   0.9633040   0.9633040   0.9633040
 242.0000000   0.0000000   0.0000000   0.0000000   0.9633040   0.9633040   0.9633040
 244.0000000   0.0000000   0.0000000   0.0000000   0.9633040   0.9633040   0.9633040
 246.0000000   0.0000000   0.0000000   0.0000000   0.9633040   0.9633040   0.9633040
 248.0000000   0.0000000   0.0000000   0.0000000   0.9633040   0.9633040   0.9633040
 250.0000000   0.0000000   0.0000000   0.0000000   0.9633040   0.9633040   0.9633040
 252.0000000   0.0000000   0.0000000   0.0000000   0.9633040   0.9633040   0.9633040
 254.0000000   0.0000000   0.0000000   0.0000000   0.9633040   0.9633040   0.9633040
 256.0000000   0.0000000   0.0000000   0.0000000   0.9633040   0.9633040   0.9633040
 258.0000000   0.0000000   0.0000000   0.0000000   0.9633040   0.9633040   0.9633040
 260.0000000   0.0000000   0.0000000   0.0000000   0.9633040   0.9633040   0.9633040
 262.0000000   0.0000000   0.0000000   0.0000000   0.9633040   0.9633040   0.9633040
 264.0000000   0.0000000   0.0000000   0.0000000   0.9633040   0.9633040   0.9633040
 266.0000000   0.0000000   0.0000000   0.0000000   0.9633040   0.9633040   0.9633040
 268.0000000   0.0000000   0.0000000   0.0000000   0.9633040   0.9633040   0.9633040
 270.0000000   0.0000000   0.0000000   0.0000000   0.9633040   0.9633040   0.9633040
 272.0000000   0.0000000   0.0000000   0.0000000   0.9633040   0.9633040   0.9633040
 274.0000000   0.0000000   0.0000000   0.0000000   0.9633040   0.9633040   0.9633040
 276.0000000   0.0000000   0.0000000   0.0000000   0.9633040   0.9633040   0.9633040
 278.0000000   0.0000000   0.0000000   0.0000000   0.9633040   0.9633040   0.9633040
 280.0000000   0.0000000   0.0000000   0.0000000   0.9633040   0.9633040   0.9633040
 282.0000000   0.0000000   0.0000000   0.0000000   0.9633040   0.9633040   0.9633040
 284.0000000   0.0000000   0.0000000   0.0000000   0.9633040   0.9633040   0.9633040
 286.0000000   0.0000000   0.0000000   0.0000000   0.9633040   0.9633040   0.9633040
 288.0000000   0.0000000   0.0000000   0.0000000   0.9633040   0.9633040   0.9633040
 290.0000000   0.0000000   0.0000000   0.0000000   0.9633040   0.9633040   0.9633040
 292.0000000   0.0000000   0.0000000   0.0000000   0.9633040   0.9633040   0.9633040
 294.0000000   0.0000000   0.0000000   0.0000000   0.9633040   0.9633040   0.9633040
 296.0000000   0.0000000   0.0000000   0.0000000   0.9633040   0.9633040   0.9633040
 298.0000000   0.0000000   0.0000000   0.0000000   0.9633040   0.9633040   0.9633040
 300.0000000   0.0000000   0.0000000   0.0000000   0.9633040   0.9633040   0.9633040
 302.0000000   0.0000000   0.0000000   0.0000000   0.9633040   0.9633040   0.9633040
 304.0000000   0.0000000   0.0000000   0.0000000   0.9633040   0.9633040   0.9633040
 306.0000000   0.0000000   0.0000000   0.0000000   0.9633040   0.9633040   0.9633040
 308.0000000   0.0000000   0.0000000   0.0000000   0.9633040   0.9633040   0.9633040
 310.0000000   0.0000000   0.0000000   0.0000000   0.9633040   0.9633040   0.9633040
 312.0000000   0.0000000   0.0000000   0.0000000   0.9633040   0.9633040   0.9633040
 314.0000000   0.0000000   0.0000000   0.0000000   0.9633040   0.9633040   0.9633040
 316.0000000   0.0000000   0.0000000   0.0000000   0.9633040   0.9633040   0.9633040
 318.0000000   0.0000000   0.0000000   0.0000000   0.9633040   0.9633040   0.9633040
 320.0000000   0.0000000   0.0000000   0.0000000   0.9633040   0.9633040   0.9633040
 322.0000000   0.0000000   0.0000000   0.0000000   0.9633040   0.9633040   0.9633040
 324.0000000   0.0000000   0.0000000   0.0000000   0.9633040   0.9633040   0.9633040
 326.0000000   0.0000000   0.0000000   0.0000000   0.9633040   0.9633040   0.9633040
 328.0000000   0.0000000   0.0000000   0.0000000   0.9633040   0.9633040   0.9633040
 330.0000000   0.0000000   0.0000000   0.0000000   0.9633040   0.9633040   0.9633040
 332.0000000   0.0000000   0.0000000   0.0000000   0.9633040   0.9633040   0.9633040
 334.0000000   0.0000000   0.0000000   0.0000000   0.9633040   0.9633040   0.9633040
 336.0000000   0.0000000   0.0000000   0.0000000   0.9633040   0.9633040   0.9633040
 338.0000000   0.0000000   0.0000000   0.0000000   0.9633040   0.9633040   0.9633040
 340.0000000   0.0000000   0.0000000   0.0000000   0.9633040   0.9633040   0.9633040
 342.0000000   0.0000000   0.0000000   0.0000000   0.9633040   0.9633040   0.9633040
 344.0000000   0.0000000   0.0000000   0.0000000   0.9633040   0.9633040   0.9633040
 346.0000000   0.0000000   0.0000000   0.0000000   0.9633040   0.9633040   0.9633040
 348.0000000   0.0000000   0.0000000   0.0000000   0.9633040   0.9633040   0.9633040
 350.0000000   0.0000000   0.0000000   0.0000000   0.9633040   0.9633040   0.9633040
 352.0000000   0.0000000   0.0000000   0.0000000   0.9633040   0.9633040   0.9633040
 354.0000000   0.0000000   0.0000000   0.0000000   0.9633040   0.9633040   0.9633040
 356.0000000   0.0000000   0.0000000   0.0000000   0.9633040   0.9633040   0.9633040
 358.0000000   0.0000000   0.0000000   0.0000000   0.9633040   0.9633040   0.9633040
 360.0000000   0.0000000   0.0000000   0.0000000   0.9633040   0.9633040   0.9633040
 362.0000000   0.0000000   0.0000000   0.0000000   0.9633040   0.9633040   0.9633040
 364.0000000   0.0000000   0.0000000   0.0000000   0.9633040   0.9633040   0.9633040
 366.0000000   0.0000000   0.0000000   0.0000000   0.9633040   0.9633040   0.9633040
 368.0000000   0.0000000   0.0000000   0.0000000   0.9633040   0.9633040   0.9633040
 370.0000000   0.0000000   0.0000000   0.0000000   0.9633040   0.9633040   0.9633040
 372.0000000   0.0000000   0.0000000   0.0000000   0.9633040   0.9633040   0.9633040
 374.0000000   0.0000000   0.0000000   0.0000000   0.9633040   0.9633040   0.9633040
 376.0000000   0.0000000   0.0000000   0.0000000   0.9633040   0.9633040   0.9633040
 378.0000000   0.0000000   0.0000000   0.0000000   0.9633040   0.9633040   0.9633040
 380.0000000   0.0000000   0.0000000   0.0000000   0.9633040   0.9633040   0.9633040
 382.0000000   0.0000000   0.0000000   0.0000000   0.9633040   0.9633040   0.9633040
 384.0000000   0.0000000   0.0000000   0.0000000   0.9633040   0.9633040   0.9633040
 386.0000000   0.0000000   0.0000000   0.0000000   0.9633040   0.9633040   0.9633040
 388.0000000   0.0000000   0.0000000   0.0000000   0.9633040   0.9633040   0.9633040
 390.0000000   0.0000000   0.0000000   0.0000000   0.9633040   0.9633040   0.9633040
 392.0000000   0.0000000   0.0000000   0.0000000   0.9633040   0.9633040   0.9633040
 394.0000000   0.0000000   0.0000000   0.0000000   0.9633040   0.9633040   0.9633040
 396.0000000   0.0000000   0.0000000   0.0000000   0.9633040   0.9633040   0.9633040
 398.0000000   0.0000000   0.0000000   0.0000000   0.9633040   0.9633040   0.9633040
 400.0000000   0.0000000   0.0000000   0.0000000   0.9633040   0.9633040   0.9633040
 402.0000000   0.0000000   0.0000000   0.0000000   0.9633040   0.9633040   0.9633040
 404.0000000   0.0000000   0.0000000   0.0000000   0.9633040   0.9633040   0.9633040
 406.0000000   0.0000000   0.0000000   0.0000000   0.9633040   0.9633040   0.9633040
 408.0000000   0.0000000   0.0000000   0.0000000   0.9633040   0.9633040   0.9633040
 410.0000000   0.0000000   0.0000000   0.0000000   0.9633040   0.9633040   0.9633040
 412.0000000   0.0000000   0.0000000   0.0000000   0.9633040   0.9633040   0.9633040
 414.0000000   0.0000000   0.0000000   0.0000000   0.9633040   0.9633040   0.9633040
 416.0000000   0.0000000   0.0000000   0.0000000   0.9633040   0.9633040   0.9633040
 418.0000000   0.0000000   0.0000000   0.0000000   0.9633040   0.9633040   0.9633040
 420.0000000   0.0000000   0.0000000   0.0000000   0.9633040   0.9633040   0.9633040
 422.0000000   0.0000000   0.0000000   0.0000000   0.9633040   0.9633040   0.9633040
 424.0000000   0.0000000   0.0000000   0.0000000   0.9633040   0.9633040   0.9633040
 426.0000000   0.0000000   0.0000000   0.0000000   0.9633040   0.9633040   0.9633040
 428.0000000   0.0000000   0.0000000   0.0000000   0.9633040   0.9633040   0.9633040
 430.0000000   0.0000000   0.0000000   0.0000000   0.9633040   0.9633040   0.9633040
 432.0000000   0.0000000   0.0000000   0.0000000   0.9633040   0.9633040   0.9633040
 434.0000000   0.0000000   0.0000000   0.0000000   0.9633040   0.9633040   0.9633040
 436.0000000   0.0000000   0.0000000   0.0000000   0.9633040   0.9633040   0.9633040
 438.0000000   0.0000000   0.0000000   0.0000000   0.9633040   0.9633040   0.9633040
 440.0000000   0.0000000   0.0000000   0.0000000   0.9633040   0.9633040   0.9633040
 442.0000000   0.0000000   0.0000000   0.0000000   0.9633040   0.9633040   0.9633040
 444.0000000   0.0000000   0.0000000   0.0000000   0.9633040   0.9633040   0.9633040
 446.0000000   0.0000000   0.0000000   0.0000000   0.9633040   0.9633040   0.9633040
 448.0000000   0.0000000   0.0000000   0.0000000   0.9633040   0.9633040   0.9633040
 450.0000000   0.0000000   0.0000000   0.0000000   0.9633040   0.9633040   0.9633040
 452.0000000   0.0000000   0.0000000   0.0000000   0.9633040   0.9633040   0.9633040
 454.0000000   0.0000000   0.0000000   0.0000000   0.9633040   0.9633040   0.9633040
 456.0000000   0.0000000   0.0000000   0.0000000   0.9633040   0.9633040   0.9633040
 458.0000000   0.0000000   0.0000000   0.0000000   0.9633040   0.9633040   0.9633040
 460.0000000   0.0000000   0.0000000   0.0000000   0.9633040   0.9633040   0.9633040
 462.0000000   0.0000000   0.0000000   0.0000000   0.9633040   0.9633040   0.9633040
 464.0000000   0.0000000   0.0000000   0.0000000   0.9633040   0.9633040   0.9633040
 466.0000000   0.0000000   0.0000000   0.0000000   0.9633040   0.9633040   0.9633040
 468.0000000   0.0000000   0.0000000   0.0000000   0.9633040   0.9633040   0.9633040
 470.0000000   0.0000000   0.0000000   0.0000000   0.9633040   0.9633040   0.9633040
 472.0000000   0.0000000   0.0000000   0.0000000   0.9633040   0.9633040   0.9633040
 474.0000000   0.0000000   0.0000000   0.0000000   0.9633040   0.9633040   0.9633040
 476.0000000   0.0000000   0.0000000   0.0000000   0.9633040   0.9633040   0.9633040
 478.0000000   0.0000000   0.0000000   0.0000000   0.9633040   0.9633040   0.9633040
 480.0000000   0.0000000   0.0000000   0.0000000   0.9633040   0.9633040   0.9633040
 482.0000000   0.0000000   0.0000000   0.0000000   0.9633040   0.9633040   0.9633040
 484.0000000   0.0000000   0.0000000   0.0000000   0.9633040   0.9633040   0.9633040
 486.0000000   0.0000000   0.0000000   0.0000000   0.9633040   0.9633040   0.9633040
 488.0000000   0.0000000   0.0000000   0.0000000   0.9633040   0.9633040   0.9633040
 490.0000000   0.0000000   0.0000000   0.0000000   0.9633040   0.9633040   0.9633040
 492.0000000   0.0000000   0.0000000   0.0000000   0.9633040   0.9633040   0.9633040
 494.0000000   0.0000000   0.0000000   0.0000000   0.9633040   0.9633040   0.9633040
 496.0000000   0.0000000   0.0000000   0.0000000   0.9633040   0.9633040   0.9633040
 498.0000000   0.0000000   0.0000000   0.0000000   0.9633040   0.9633040   0.9633040
 500.0000000   0.0000000   0.0000000   0.0000000   0.9633040   0.9633040   0.9633040
 502.0000000   0.0000000   0.0000000   0.0000000   0.9633040   0.9633040   0.9633040
 504.0000000   0.0000000   0.0000000   0.0000000   0.9633040   0.9633040   0.9633040
 506.0000000   0.0000000   0.0000000   0.0000000   0.9633040   0.9633040   0.9633040
 508.0000000   0.0000000   0.0000000   0.0000000   0.9633040   0.9633040   0.9633040
 510.0000000   0.0000000   0.0000000   0.0000000   0.9633040   0.9633040   0.9633040
 512.0000000   0.0000000   0.0000000   0.0000000   0.9633040   0.9633040   0.9633040
 514.0000000   0.0000000   0.0000000   0.0000000   0.9633040   0.9633040   0.9633040
 516.0000000   0.0000000   0.0000000   0.0000000   0.9633040   0.9633040   0.9633040
 518.0000000   0.0000000   0.0000000   0.0000000   0.9633040   0.9633040   0.9633040
 520.0000000   0.0000000   0.0000000   0.0000000   0.9633040   0.9633040   0.9633040
 522.0000000   0.0000000   0.0000000   0.0000000   0.9633040   0.9633040   0.9633040
 524.0000000   0.0000000   0.0000000   0.0000000   0.9633040   0.9633040   0.9633040
 526.0000000   0.0000000   0.0000000   0.0000000   0.9633040   0.9633040   0.9633040
 528.0000000   0.0000000   0.0000000   0.0000000   0.9633040   0.9633040   0.9633040
 530.0000000   0.0000000   0.0000000   0.0000000   0.9633040   0.9633040   0.9633040
 532.0000000   0.0000000   0.0000000   0.0000000   0.9633040   0.9633040   0.9633040
 534.0000000   0.0000000   0.0000000   0.0000000   0.9633040   0.9633040   0.9633040
 536.0000000   0.0000000   0.0000000   0.0000000   0.9633040   0.9633040   0.9633040
 538.0000000   0.0000000   0.0000000   0.0000000   0.9633040   0.9633040   0.9633040
 540.0000000   0.0000000   0.0000000   0.0000000   0.9633040   0.9633040   0.9633040
 542.0000000   0.0000000   0.0000000   0.0000000   0.9633040   0.9633040   0.9633040
 544.0000000   0.0000000   0.0000000   0.0000000   0.9633040   0.9633040   0.9633040
 546.0000000   0.0000000   0.0000000   0.0000000   0.9633040   0.9633040   0.9633040
 548.0000000   0.0000000   0.0000000   0.0000000   0.9633040   0.9633040   0.9633040
 550.0000000   0.0000000   0.0000000   0.0000000   0.9633040   0.9633040   0.9633040
 552.0000000   0.0000000   0.0000000   0.0000000   0.9633040   0.9633040   0.9633040
 554.0000000   0.0000000   0.0000000   0.0000000   0.9633040   0.9633040   0.9633040
 556.0000000   0.0000000   0.0000000   0.0000000   0.9633040   0.9633040   0.9633040
 558.0000000   0.0000000   0.0000000   0.0000000   0.9633040   0.9633040   0.9633040
 560.0000000   0.0000000   0.0000000   0.0000000   0.9633040   0.9633040   0.9633040
 562.0000000   0.0000000   0.0000000   0.0000000   0.9633040   0.9633040   0.9633040
 564.0000000   0.0000000   0.0000000   0.0000000   0.9633040   0.9633040   0.9633040
 566.0000000   0.0000000   0.0000000   0.0000000   0.9633040   0.9633040   0.9633040
 568.0000000   0.0000000   0.0000000   0.0000000   0.9633040   0.9633040   0.9633040
 570.0000000   0.0000000   0.0000000   0.0000000   0.9633040   0.9633040   0.9633040
 572.0000000   0.0000000   0.0000000   0.0000000   0.9633040   0.9633040   0.9633040
 574.0000000   0.0000000   0.0000000   0.0000000   0.9633040   0.9633040   0.9633040
 576.0000000   0.0000000   0.0000000   0.0000000   0.9633040   0.9633040   0.9633040
 578.0000000   0.0000000   0.0000000   0.0000000   0.9633040   0.9633040   0.9633040
 580.0000000   0.0000000   0.0000000   0.0000000   0.9633040   0.9633040   0.9633040
 582.0000000   0.0000000   0.0000000   0.0000000   0.9633040   0.9633040   0.9633040
 584.0000000   0.0000000   0.0000000   0.0000000   0.9633040   0.9633040   0.9633040
 586.0000000   0.0000000   0.0000000   0.0000000   0.9633040   0.9633040   0.9633040
 588.0000000   0.0000000   0.0000000   0.0000000   0.9633040   0.9633040   0.9633040
 590.0000000   0.0000000   0.0000000   0.0000000   0.9633040   0.9633040   0.9633040
 592.0000000   0.0000000   0.0000000   0.0000000   0.9633040   0.9633040   0.9633040
 594.0000000   0.0000000   0.0000000   0.0000000   0.9633040   0.9633040   0.9633040
 596.0000000   0.0000000   0.0000000   0.0000000   0.9633040   0.9633040   0.9633040
 598.0000000   0.0000000   0.0000000   0.0000000   0.9633040   0.9633040   0.9633040
 600.0000000   0.0000000   0.0000000   0.0000000   0.9633040   0.9633040   0.9633040
 602.0000000   0.0000000   0.0000000   0.0000000   0.9633040   0.9633040   0.9633040
 604.0000000   0.0000000   0.0000000   0.0000000   0.9633040   0.9633040   0.9633040
 606.0000000   0.0000000   0.0000000   0.0000000   0.9633040   0.9633040   0.9633040
 608.0000000   0.0000000   0.0000000   0.0000000   0.9633040   0.9633040   0.9633040
 610.0000000   0.0000000   0.0000000   0.0000000   0.9633040   0.9633040   0.9633040
 612.0000000   0.0000000   0.0000000   0.0000000   0.9633040   0.9633040   0.9633040
 614.0000000   0.0000000   0.0000000   0.0000000   0.9633040   0.9633040   0.9633040
 616.0000000   0.0000000   0.0000000   0.0000000   0.9633040   0.9633040   0.9633040
 618.0000000   0.0000000   0.0000000   0.0000000   0.9633040   0.9633040   0.9633040
 620.0000000   0.0000000   0.0000000   0.0000000   0.9633040   0.9633040   0.9633040
 622.0000000   0.0000000   0.0000000   0.0000000   0.9633040   0.9633040   0.9633040
 624.0000000   0.0000000   0.0000000   0.0000000   0.9633040   0.9633040   0.9633040
 626.0000000   0.0000000   0.0000000   0.0000000   0.9633040   0.9633040   0.9633040
 628.0000000   0.0000000   0.0000000   0.0000000   0.9633040   0.9633040   0.9633040
 630.0000000   0.0000000   0.0000000   0.0000000   0.9633040   0.9633040   0.9633040
 632.0000000   0.0000000   0.0000000   0.0000000   0.9633040   0.9633040   0.9633040
 634.0000000   0.0000000   0.0000000   0.0000000   0.9633040   0.9633040   0.9633040
 636.0000000   0.0000000   0.0000000   0.0000000   0.9633040   0.9633040   0.9633040
 638.0000000   0.0000000   0.0000000   0.0000000   0.9633040   0.9633040   0.9633040
 640.0000000   0.0000000   0.0000000   0.0000000   0.9633040   0.9633040   0.9633040
 642.0000000   0.0000000   0.0000000   0.0000000   0.9633040   0.9633040   0.9633040
 644.0000000   0.0000000   0.0000000   0.0000000   0.9633040   0.9633040   0.9633040
 646.0000000   0.0000000   0.0000000   0.0000000   0.9633040   0.9633040   0.9633040
 648.0000000   0.0000000   0.0000000   0.0000000   0.9633040   0.9633040   0.9633040
 650.0000000   0.0000000   0.0000000   0.0000000   0.9633040   0.9633040   0.9633040
 652.0000000   0.0000000   0.0000000   0.0000000   0.9633040   0.9633040   0.9633040
 654.0000000   0.0000000   0.0000000   0.0000000   0.9633040   0.9633040   0.9633040
 656.0000000   0.0000000   0.0000000   0.0000000   0.9633040   0.9633040   0.9633040
 658.0000000   0.0000000   0.0000000   0.0000000   0.9633040   0.9633040   0.9633040
 660.0000000   0.0000000   0.0000000   0.0000000   0.9633040   0.9633040   0.9633040
 662.0000000   0.0000000   0.0000000   0.0000000   0.9633040   0.9633040   0.9633040
 664.0000000   0.0000000   0.0000000   0.0000000   0.9633040   0.9633040   0.9633040
 666.0000000   0.0000000   0.0000000   0.0000000   0.9633040   0.9633040   0.9633040
 668.0000000   0.0000000   0.0000000   0.0000000   0.9633040   0.9633040   0.9633040
 670.0000000   0.0000000   0.0000000   0.0000000   0.9633040   0.9633040   0.9633040
 672.0000000   0.0000000   0.0000000   0.0000000   0.9633040   0.9633040   0.9633040
 674.0000000   0.0000000   0.0000000   0.0000000   0.9633040   0.9633040   0.9633040
 676.0000000   0.0000000   0.0000000   0.0000000   0.9633040   0.9633040   0.9633040
 678.0000000   0.0000000   0.0000000   0.0000000   0.9633040   0.9633040   0.9633040
 680.0000000   0.0000000   0.0000000   0.0000000   0.9633040   0.9633040   0.9633040
 682.0000000   0.0000000   0.0000000   0.0000000   0.9633040   0.9633040   0.9633040
 684.0000000   0.0000000   0.0000000   0.0000000   0.9633040   0.9633040   0.9633040
 686.0000000   0.0000000   0.0000000   0.0000000   0.9633040   0.9633040   0.9633040
 688.0000000   0.0000000   0.0000000   0.0000000   0.9633040   0.9633040   0.9633040
 690.0000000   0.0000000   0.0000000   0.0000000   0.9633040   0.9633040   0.9633040
 692.0000000   0.0000000   0.0000000   0.0000000   0.9633040   0.9633040   0.9633040
 694.0000000   0.0000000   0.0000000   0.0000000   0.9633040   0.9633040   0.9633040
 696.0000000   0.0000000   0.0000000   0.0000000   0.9633040   0.9633040   0.9633040
 698.0000000   0.0000000   0.0000000   0.0000000   0.9633040   0.9633040   0.9633040
 700.0000000   0.0000000   0.0000000   0.0000000   0.9633040   0.9633040   0.9633040
 702.0000000   0.0000000   0.0000000   0.0000000   0.9633040   0.9633040   0.9633040
 704.0000000   0.0000000   0.0000000   0.0000000   0.9633040   0.9633040   0.9633040
 706.0000000   0.0000000   0.0000000   0.0000000   0.9633040   0.9633040   0.9633040
 708.0000000   0.0000000   0.0000000   0.0000000   0.9633040   0.9633040   0.9633040
 710.0000000   0.0000000   0.0000000   0.0000000   0.9633040   0.9633040   0.9633040
 712.0000000   0.0000000   0.0000000   0.0000000   0.9633040   0.9633040   0.9633040
 714.0000000   0.0000000   0.0000000   0.0000000   0.9633040   0.9633040   0.9633040
 716.0000000   0.0000000   0.0000000   0.0000000   0.9633040   0.9633040   0.9633040
 718.0000000   0.0000000   0.0000000   0.0000000   0.9633040   0.9633040   0.9633040
 720.0000000   0.0000000   0.0000000   0.0000000   0.9633040   0.9633040   0.9633040
 722.0000000   0.0000000   0.0000000   0.0000000   0.9633040   0.9633040   0.9633040
 724.0000000   0.0000000   0.0000000   0.0000000   0.9633040   0.9633040   0.9633040
 726.0000000   0.0000000   0.0000000   0.0000000   0.9633040   0.9633040   0.9633040
 728.0000000   0.0000000   0.0000000   0.0000000   0.9633040   0.9633040   0.9633040
 730.0000000   0.0000000   0.0000000   0.0000000   0.9633040   0.9633040   0.9633040
 732.0000000   0.0000000   0.0000000   0.0000000   0.9633040   0.9633040   0.9633040
 734.0000000   0.0000000   0.0000000   0.0000000   0.9633040   0.9633040   0.9633040
 736.0000000   0.0000000   0.0000000   0.0000000   0.9633040   0.9633040   0.9633040
 738.0000000   0.0000000   0.0000000   0.0000000   0.9633040   0.9633040   0.9633040
 740.0000000   0.0000000   0.0000000   0.0000000   0.9633040   0.9633040   0.9633040
 742.0000000   0.0000000   0.0000000   0.0000000   0.9633040   0.9633040   0.9633040
 744.0000000   0.0000000   0.0000000   0.0000000   0.9633040   0.9633040   0.9633040
 746.0000000   0.0000000   0.0000000   0.0000000   0.9633040   0.9633040   0.9633040
 748.0000000   0.0000000   0.0000000   0.0000000   0.9633040   0.9633040   0.9633040
 750.0000000   0.0000000   0.0000000   0.0000000   0.9633040   0.9633040   0.9633040
 752.0000000   0.0000000   0.0000000   0.0000000   0.9633040   0.9633040   0.9633040
 754.0000000   0.0000000   0.0000000   0.0000000   0.9633040   0.9633040   0.9633040
 756.0000000   0.0000000   0.0000000   0.0000000   0.9633040   0.9633040   0.9633040
 758.0000000   0.0000000   0.0000000   0.0000000   0.9633040   0.9633040   0.9633040
 760.0000000   0.0000000   0.0000000   0.0000000   0.9633040   0.9633040   0.9633040
 762.0000000   0.0000000   0.0000000   0.0000000   0.9633040   0.9633040   0.9633040
 764.0000000   0.0000000   0.0000000   0.0000000   0.9633040   0.9633040   0.9633040
 766.0000000   0.0000000   0.0000000   0.0000000   0.9633040   0.9633040   0.9633040
 768.0000000   0.0000000   0.0000000   0.0000000   0.9633040   0.9633040   0.9633040
 770.0000000   0.0000000   0.0000000   0.0000000   0.9633040   0.9633040   0.9633040
 772.0000000   0.0000000   0.0000000   0.0000000   0.9633040   0.9633040   0.9633040
 774.0000000   0.0000000   0.0000000   0.0000000   0.9633040   0.9633040   0.9633040
 776.0000000   0.0000000   0.0000000   0.0000000   0.9633040   0.9633040   0.9633040
 778.0000000   0.0000000   0.0000000   0.0000000   0.9633040   0.9633040   0.9633040
 780.0000000   0.0000000   0.0000000   0.0000000   0.9633040   0.9633040   0.9633040
 782.0000000   0.0000000   0.0000000   0.0000000   0.9633040   0.9633040   0.9633040
 784.0000000   0.0000000   0.0000000   0.0000000   0.9633040   0.9633040   0.9633040
 786.0000000   0.0000000   0.0000000   0.0000000   0.9633040   0.9633040   0.9633040
 788.0000000   0.0000000   0.0000000   0.0000000   0.9633040   0.9633040   0.9633040
 790.0000000   0.0000000   0.0000000   0.0000000   0.9633040   0.9633040   0.9633040
 792.0000000   0.0000000   0.0000000   0.0000000   0.9633040   0.9633040   0.9633040
 794.0000000   0.0000000   0.0000000   0.0000000   0.9633040   0.9633040   0.9633040
 796.0000000   0.0000000   0.0000000   0.0000000   0.9633040   0.9633040   0.9633040
 798.0000000   0.0000000   0.0000000   0.0000000   0.9633040   0.9633040   0.9633040
 800.0000000   0.0000000   0.0000000   0.0000000   0.9633040   0.9633040   0.9633040
 802.0000000   0.0000000   0.0000000   0.0000000   0.9633040   0.9633040   0.9633040
 804.0000000   0.0000000   0.0000000   0.0000000   0.9633040   0.9633040   0.9633040
 806.0000000   0.0000000   0.0000000   0.0000000   0.9633040   0.9633040   0.9633040
 808.0000000   0.0000000   0.0000000   0.0000000   0.9633040   0.9633040   0.9633040
 810.0000000   0.0000000   0.0000000   0.0000000   0.9633040   0.9633040   0.9633040
 812.0000000   0.0000000   0.0000000   0.0000000   0.9633040   0.9633040   0.9633040
 814.0000000   0.0000000   0.0000000   0.0000000   0.9633040   0.9633040   0.9633040
 816.0000000   0.0000000   0.0000000   0.0000000   0.9633040   0.9633040   0.9633040
 818.0000000   0.0000000   0.0000000   0.0000000   0.9633040   0.9633040   0.9633040
 820.0000000   0.0000000   0.0000000   0.0000000   0.9633040   0.9633040   0.9633040
 822.0000000   0.0000000   0.0000000   0.0000000   0.9633040   0.9633040   0.9633040
 824.0000000   0.0000000   0.0000000   0.0000000   0.9633040   0.9633040   0.9633040
 826.0000000   0.0000000   0.0000000   0.0000000   0.9633040   0.9633040   0.9633040
 828.0000000   0.0000000   0.0000000   0.0000000   0.9633040   0.9633040   0.9633040
 830.0000000   0.0000000   0.0000000   0.0000000   0.9633040   0.9633040   0.9633040
 832.0000000   0.0000000   0.0000000   0.0000000   0.9633040   0.9633040   0.9633040
 834.0000000   0.0000000   0.0000000   0.0000000   0.9633040   0.9633040   0.9633040
 836.0000000   0.0000000   0.0000000   0.0000000   0.9633040   0.9633040   0.9633040
 838.0000000   0.0000000   0.0000000   0.0000000   0.9633040   0.9633040   0.9633040
 840.0000000   0.0000000   0.0000000   0.0000000   0.9633040   0.9633040   0.9633040
 842.0000000   0.0000000   0.0000000   0.0000000   0.9633040   0.9633040   0.9633040
 844.0000000   0.0000000   0.0000000   0.0000000   0.9633040   0.9633040   0.9633040
 846.0000000   0.0000000   0.0000000   0.0000000   0.9633040   0.9633040   0.9633040
 848.0000000   0.0000000   0.0000000   0.0000000   0.9633040   0.9633040   0.9633040
 850.0000000   0.0000000   0.0000000   0.0000000   0.9633040   0.9633040   0.9633040
 852.0000000   0.0000000   0.0000000   0.0000000   0.9633040   0.9633040   0.9633040
 854.0000000   0.0000000   0.0000000   0.0000000   0.9633040   0.9633040   0.9633040
 856.0000000   0.0000000   0.0000000   0.0000000   0.9633040   0.9633040   0.9633040
 858.0000000   0.0000000   0.0000000   0.0000000   0.9633040   0.9633040   0.9633040
 860.0000000   0.0000000   0.0000000   0.0000000   0.9633040   0.9633040   0.9633040
 862.0000000   0.0000000   0.0000000   0.0000000   0.9633040   0.9633040   0.9633040
 864.0000000   0.0000000   0.0000000   0.0000000   0.9633040   0.9633040   0.9633040
 866.0000000   0.0000000   0.0000000   0.0000000   0.9633040   0.9633040   0.9633040
 868.0000000   0.0000000   0.0000000   0.0000000   0.9633040   0.9633040   0.9633040
 870.0000000   0.0000000   0.0000000   0.0000000   0.9633040   0.9633040   0.9633040
 872.0000000   0.0000000   0.0000000   0.0000000   0.9633040   0.9633040   0.9633040
 874.0000000   0.0000000   0.0000000   0.0000000   0.9633040   0.9633040   0.9633040
 876.0000000   0.0000000   0.0000000   0.0000000   0.9633040   0.9633040   0.9633040
 878.0000000   0.0000000   0.0000000   0.0000000   0.9633040   0.9633040   0.9633040
 880.0000000   0.0000000   0.0000000   0.0000000   0.9633040   0.9633040   0.9633040
 882.0000000   0.0000000   0.0000000   0.0000000   0.9633040   0.9633040   0.9633040
 884.0000000   0.0000000   0.0000000   0.0000000   0.9633040   0.9633040   0.9633040
 886.0000000   0.0000000   0.0000000   0.0000000   0.9633040   0.9633040   0.9633040
 888.0000000   0.0000000   0.0000000   0.0000000   0.9633040   0.9633040   0.9633040
 890.0000000   0.0000000   0.0000000   0.0000000   0.9633040   0.9633040   0.9633040
 892.0000000   0.0000000   0.0000000   0.0000000   0.9633040   0.9633040   0.9633040
 894.0000000   0.0000000   0.0000000   0.0000000   0.9633040   0.9633040   0.9633040
 896.0000000   0.0000000   0.0000000   0.0000000   0.9633040   0.9633040   0.9633040
 898.0000000   0.0000000   0.0000000   0.0000000   0.9633040   0.9633040   0.9633040
 900.0000000   0.0000000   0.0000000   0.0000000   0.9633040   0.9633040   0.9633040
 902.0000000   0.0000000   0.0000000   0.0000000   0.9633040   0.9633040   0.9633040
 904.0000000   0.0000000   0.0000000   0.0000000   0.9633040   0.9633040   0.9633040
 906.0000000   0.0000000   0.0000000   0.0000000   0.9633040   0.9633040   0.9633040
 908.0000000   0.0000000   0.0000000   0.0000000   0.9633040   0.9633040   0.9633040
 910.0000000   0.0000000   0.0000000   0.0000000   0.9633040   0.9633040   0.9633040
 912.0000000   0.0000000   0.0000000   0.0000000   0.9633040   0.9633040   0.9633040
 914.0000000   0.0000000   0.0000000   0.0000000   0.9633040   0.9633040   0.9633040
 916.0000000   0.0000000   0.0000000   0.0000000   0.9633040   0.9633040   0.9633040
 918.0000000   0.0000000   0.0000000   0.0000000   0.9633040   0.9633040   0.9633040
 920.0000000   0.0000000   0.0000000   0.0000000   0.9633040   0.9633040   0.9633040
 922.0000000   0.0000000   0.0000000   0.0000000   0.9633040   0.9633040   0.9633040
 924.0000000   0.0000000   0.0000000   0.0000000   0.9633040   0.9633040   0.9633040
 926.0000000   0.0000000   0.0000000   0.0000000   0.9633040   0.9633040   0.9633040
 928.0000000   0.0000000   0.0000000   0.0000000   0.9633040   0.9633040   0.9633040
 930.0000000   0.0000000   0.0000000   0.0000000   0.9633040   0.9633040   0.9633040
 932.0000000   0.0000000   0.0000000   0.0000000   0.9633040   0.9633040   0.9633040
 934.0000000   0.0000000   0.0000000   0.0000000   0.9633040   0.9633040   0.9633040
 936.0000000   0.0000000   0.0000000   0.0000000   0.9633040   0.9633040   0.9633040
 938.0000000   0.0000000   0.0000000   0.0000000   0.9633040   0.9633040   0.9633040
 940.0000000   0.0000000   0.0000000   0.0000000   0.9633040   0.9633040   0.9633040
 942.0000000   0.0000000   0.0000000   0.0000000   0.9633040   0.9633040   0.9633040
 944.0000000   0.0000000   0.0000000   0.0000000   0.9633040   0.9633040   0.9633040
 946.0000000   0.0000000   0.0000000   0.0000000   0.9633040   0.9633040   0.9633040
 948.0000000   0.0000000   0.0000000   0.0000000   0.9633040   0.9633040   0.9633040
 950.0000000   0.0000000   0.0000000   0.0000000   0.9633040   0.9633040   0.9633040
 952.0000000   0.0000000   0.0000000   0.0000000   0.9633040   0.9633040   0.9633040
 954.0000000   0.0000000   0.0000000   0.0000000   0.9633040   0.9633040   0.9633040
 956.0000000   0.0000000   0.0000000   0.0000000   0.9633040   0.9633040   0.9633040
 958.0000000   0.0000000   0.0000000   0.0000000   0.9633040   0.9633040   0.9633040
 960.0000000   0.0000000   0.0000000   0.0000000   0.9633040   0.9633040   0.9633040
 962.0000000   0.0000000   0.0000000   0.0000000   0.9633040   0.9633040   0.9633040
 964.0000000   0.0000000   0.0000000   0.0000000   0.9633040   0.9633040   0.9633040
 966.0000000   0.0000000   0.0000000   0.0000000   0.9633040   0.9633040   0.9633040
 968.0000000   0.0000000   0.0000000   0.0000000   0.9633040   0.9633040   0.9633040
 970.0000000   0.0000000   0.0000000   0.0000000   0.9633040   0.9633040   0.9633040
 972.0000000   0.0000000   0.0000000   0.0000000   0.9633040   0.9633040   0.9633040
 974.0000000   0.0000000   0.0000000   0.0000000   0.9633040   0.9633040   0.9633040
 976.0000000   0.0000000   0.0000000   0.0000000   0.9633040   0.9633040   0.9633040
 978.0000000   0.0000000   0.0000000   0.0000000   0.9633040   0.9633040   0.9633040
 980.0000000   0.0000000   0.0000000   0.0000000   0.9633040   0.9633040   0.9633040
 982.0000000   0.0000000   0.0000000   0.0000000   0.9633040   0.9633040   0.9633040
 984.0000000   0.0000000   0.0000000   0.0000000   0.9633040   0.9633040   0.9633040
 986.0000000   0.0000000   0.0000000   0.0000000   0.9633040   0.9633040   0.9633040
 988.0000000   0.0000000   0.0000000   0.0000000   0.9633040   0.9633040   0.9633040
 990.0000000   0.0000000   0.0000000   0.0000000   0.9633040   0.9633040   0.9633040
 992.0000000   0.0000000   0.0000000   0.0000000   0.9633040   0.9633040   0.9633040
 994.0000000   0.0000000   0.0000000   0.0000000   0.9633040   0.9633040   0.9633040
 996.0000000   0.0000000   0.0000000   0.0000000   0.9633040   0.9633040   0.9633040
 998.0000000   0.0000000   0.0000000   0.0000000   0.9633040   0.9633040   0.9633040
1000.0000000   0.0000000   0.0000000   0.0000000   0.9633040   0.9633040   0.9633040
1002.0000000   0.0000000   0.0000000   0.0000000   0.9633040   0.9633040   0.9633040
1004.0000000   0.0000000   0.0000000   0.0000000   0.9633040   0.9633040   0.9633040
1006.0000000   0.0000000   0.0000000   0.0000000   0.9633040   0.9633040   0.9633040
1008.0000000   0.0000000   0.0000000   0.0000000   0.9633040   0.9633040   0.9633040
1010.0000000   0.0000000   0.0000000   0.0000000   0.9633040   0.9633040   0.9633040
1012.0000000   0.0000000   0.0000000   0.0000000   0.9633040   0.9633040   0.9633040
1014.0000000   0.0000000   0.0000000   0.0000000   0.9633040   0.9633040   0.9633040
1016.0000000   0.0000000   0.0000000   0.0000000   0.9633040   0.9633040   0.9633040
1018.0000000   0.0000000   0.0000000   0.0000000   0.9633040   0.9633040   0.9633040
1020.0000000   0.0000000   0.0000000   0.0000000   0.9633040   0.9633040   0.9633040
1022.0000000   0.0000000   0.0000000   0.0000000   0.9633040   0.9633040   0.9633040
1024.0000000   0.0000000   0.0000000   0.0000000   0.9633040   0.9633040   0.9633040
1026.0000000   0.0000000   0.0000000   0.0000000   0.9633040   0.9633040   0.9633040
1028.0000000   0.0000000   0.0000000   0.0000000   0.9633040   0.9633040   0.9633040
1030.0000000   0.0000000   0.0000000   0.0000000   0.9633040   0.9633040   0.9633040
1032.0000000   0.0000000   0.0000000   0.0000000   0.9633040   0.9633040   0.9633040
1034.0000000   0.0000000   0.0000000   0.0000000   0.9633040   0.9633040   0.9633040
1036.0000000   0.0000000   0.0000000   0.0000000   0.9633040   0.9633040   0.9633040
1038.0000000   0.0000000   0.0000000   0.0000000   0.9633040   0.9633040   0.9633040
1040.0000000   0.0000000   0.0000000   0.0000000   0.9633040   0.9633040   0.9633040
1042.0000000   0.0000000   0.0000000   0.0000000   0.9633040   0.9633040   0.9633040
1044.0000000   0.0000000   0.0000000   0.0000000   0.9633040   0.9633040   0.9633040
1046.0000000   0.0000000   0.0000000   0.0000000   0.9633040   0.9633040   0.9633040
1048.0000000   0.0000000   0.0000000   0.0000000   0.9633040   0.9633040   0.9633040
1050.0000000   0.0000000   0.0000000   0.0000000   0.9633040   0.9633040   0.9633040
1052.0000000   0.0000000   0.0000000   0.0000000   0.9633040   0.9633040   0.9633040
1054.0000000   0.0000000   0.0000000   0.0000000   0.9633040   0.9633040   0.9633040
1056.0000000   0.0000000   0.0000000   0.0000000   0.9633040   0.9633040   0.9633040
1058.0000000   0.0000000   0.0000000   0.0000000   0.9633040   0.9633040   0.9633040
1060.0000000   0.0000000   0.0000000   0.0000000   0.9633040   0.9633040   0.9633040
1062.0000000   0.0000000   0.0000000   0.0000000   0.9633040   0.9633040   0.9633040
1064.0000000   0.0000000   0.0000000   0.0000000   0.9633040   0.9633040   0.9633040
1066.0000000   0.0000000   0.0000000   0.0000000   0.9633040   0.9633040   0.9633040
1068.0000000   0.0000000   0.0000000   0.0000000   0.9633040   0.9633040   0.9633040
1070.0000000   0.0000000   0.0000000   0.0000000   0.9633040   0.9633040   0.9633040
1072.0000000   0.0000000   0.0000000   0.0000000   0.9633040   0.9633040   0.9633040
1074.0000000   0.0000000   0.0000000   0.0000000   0.9633040   0.9633040   0.9633040
1076.0000000   0.0000000   0.0000000   0.0000000   0.9633040   0.9633040   0.9633040
1078.0000000   0.0000000   0.0000000   0.0000000   0.9633040   0.9633040   0.9633040
1080.0000000   0.0000000   0.0000000   0.0000000   0.9633040   0.9633040   0.9633040
1082.0000000   0.0000000   0.0000000   0.0000000   0.9633040   0.9633040   0.9633040
1084.0000000   0.0000000   0.0000000   0.0000000   0.9633040   0.9633040   0.9633040
1086.0000000   0.0000000   0.0000000   0.0000000   0.9633040   0.9633040   0.9633040
1088.0000000   0.0000000   0.0000000   0.0000000   0.9633040   0.9633040   0.9633040
1090.0000000   0.0000000   0.0000000   0.0000000   0.9633040   0.9633040   0.9633040
1092.0000000   0.0000000   0.0000000   0.0000000   0.9633040   0.9633040   0.9633040
1094.0000000   0.0000000   0.0000000   0.0000000   0.9633040   0.9633040   0.9633040
1096.0000000   0.0000000   0.0000000   0.0000000   0.9633040   0.9633040   0.9633040
1098.0000000   0.0000000   0.0000000   0.0000000   0.9633040   0.9633040   0.9633040
1100.0000000   0.0000000   0.0000000   0.0000000   0.9633040   0.9633040   0.9633040
1102.0000000   0.0000000   0.0000000   0.0000000   0.9633040   0.9633040   0.9633040
1104.0000000   0.0000000   0.0000000   0.0000000   0.9633040   0.9633040   0.9633040
1106.0000000   0.0000000   0.0000000   0.0000000   0.9633040   0.9633040   0.9633040
1108.0000000   0.0000000   0.0000000   0.0000000   0.9633040   0.9633040   0.9633040
1110.0000000   0.0000000   0.0000000   0.0000000   0.9633040   0.9633040   0.9633040
1112.0000000   0.0000000   0.0000000   0.0000000   0.9633040   0.9633040   0.9633040
1114.0000000   0.0000000   0.0000000   0.0000000   0.9633040   0.9633040   0.9633040
1116.0000000   0.0000000   0.0000000   0.0000000   0.9633040   0.9633040   0.9633040
1118.0000000   0.0000000   0.0000000   0.0000000   0.9633040   0.9633040   0.9633040
1120.0000000   0.0000000   0.0000000   0.0000000   0.9633040   0.9633040   0.9633040
1122.0000000   0.0000000   0.0000000   0.0000000   0.9633040   0.9633040   0.9633040
1124.0000000   0.0000000   0.0000000   0.0000000   0.9633040   0.9633040   0.9633040
1126.0000000   0.0000000   0.0000000   0.0000000   0.9633040   0.9633040   0.9633040
1128.0000000   0.0000000   0.0000000   0.0000000   0.9633040   0.9633040   0.9633040
1130.0000000   0.0000000   0.0000000   0.0000000   0.9633040   0.9633040   0.9633040
1132.0000000   0.0000000   0.0000000   0.0000000   0.9633040   0.9633040   0.9633040
1134.0000000   0.0000000   0.0000000   0.0000000   0.9633040   0.9633040   0.9633040
1136.0000000   0.0000000   0.0000000   0.0000000   0.9633040   0.9633040   0.9633040
1138.0000000   0.0000000   0.0000000   0.0000000   0.9633040   0.9633040   0.9633040
1140.0000000   0.0000000   0.0000000   0.0000000   0.9633040   0.9633040   0.9633040
1142.0000000   0.0000000   0.0000000   0.0000000   0.9633040   0.9633040   0.9633040
1144.0000000   0.0000000   0.0000000   0.0000000   0.9633040   0.9633040   0.9633040
1146.0000000   0.0000000   0.0000000   0.0000000   0.9633040   0.9633040   0.9633040
1148.0000000   0.0000000   0.0000000   0.0000000   0.9633040   0.9633040   0.9633040
1150.0000000   0.0000000   0.0000000   0.0000000   0.9633040   0.9633040   0.9633040
1152.0000000   0.0000000   0.0000000   0.0000000   0.9633040   0.9633040   0.9633040
1154.0000000   0.0000000   0.0000000   0.0000000   0.9633040   0.9633040   0.9633040
1156.0000000   0.0000000   0.0000000   0.0000000   0.9633040   0.9633040   0.9633040
1158.0000000   0.0000000   0.0000000   0.0000000   0.9633040   0.9633040   0.9633040
1160.0000000   0.0000000   0.0000000   0.0000000   0.9633040   0.9633040   0.9633040
1162.0000000   0.0000000   0.0000000   0.0000000   0.9633040   0.9633040   0.9633040
1164.0000000   0.0000000   0.0000000   0.0000000   0.9633040   0.9633040   0.9633040
1166.0000000   0.0000000   0.0000000   0.0000000   0.9633040   0.9633040   0.9633040
1168.0000000   0.0000000   0.0000000   0.0000000   0.9633040   0.9633040   0.9633040
1170.0000000   0.0000000   0.0000000   0.0000000   0.9633040   0.9633040   0.9633040
1172.0000000   0.0000000   0.0000000   0.0000000   0.9633040   0.9633040   0.9633040
1174.0000000   0.0000000   0.0000000   0.0000000   0.9633040   0.9633040   0.9633040
1176.0000000   0.0000000   0.0000000   0.0000000   0.9633040   0.9633040   0.9633040
1178.0000000   0.0000000   0.0000000   0.0000000   0.9633040   0.9633040   0.9633040
1180.0000000   0.0000000   0.0000000   0.0000000   0.9633040   0.9633040   0.9633040
1182.0000000   0.0000000   0.0000000   0.0000000   0.9633040   0.9633040   0.9633040
1184.0000000   0.0000000   0.0000000   0.0000000   0.9633040   0.9633040   0.9633040
1186.0000000   0.0000000   0.0000000   0.0000000   0.9633040   0.9633040   0.9633040
1188.0000000   0.0000000   0.0000000   0.0000000   0.9633040   0.9633040   0.9633040
1190.0000000   0.0000000   0.0000000   0.0000000   0.9633040   0.9633040   0.9633040
1192.0000000   0.0000000   0.0000000   0.0000000   0.9633040   0.9633040   0.9633040
1194.0000000   0.0000000   0.0000000   0.0000000   0.9633040   0.9633040   0.9633040
1196.0000000   0.0000000   0.0000000   0.0000000   0.9633040   0.9633040   0.9633040
1198.0000000   0.0000000   0.0000000   0.0000000   0.9633040   0.9633040   0.9633040
